-499.046  0
-498.896  50
-498.748  100
-498.602  150
-498.459  200
-498.322  250
-498.192  300
-498.068  350
-497.954  400
-497.849  450
-497.756  500
-497.675  550
-497.607  600
-497.553  650
-497.515  700
-497.494  750
-497.489  800
-497.503  850
-497.536  900
-497.589  950
-497.662  1000
-497.757  1050
-497.874  1100
-498.013  1150
-498.175  1200
-498.361  1250
-498.571  1300
-498.804  1350
-499.063  1400
-499.346  1450
-499.653  1500
-499.986  1550
-500.343  1600
-500.726  1650
-501.133  1700
-501.564  1750
-502.02  1800
-502.5  1850
-503.003  1900
-503.529  1950
-504.078  2000
-504.649  2050
-505.242  2100
-505.855  2150
-506.488  2200
-507.14  2250
-507.81  2300
-508.498  2350
-509.203  2400
-509.923  2450
-510.657  2500
-511.405  2550
-512.166  2600
-512.937  2650
-513.719  2700
-514.51  2750
-515.308  2800
-516.113  2850
-516.924  2900
-517.738  2950
-518.555  3000
-519.374  3050
-520.192  3100
-521.01  3150
-521.825  3200
-522.637  3250
-523.444  3300
-524.245  3350
-525.039  3400
-525.824  3450
-526.599  3500
-527.363  3550
-528.116  3600
-528.855  3650
-529.58  3700
-530.29  3750
-530.984  3800
-531.661  3850
-532.319  3900
-532.959  3950
-533.579  4000
-534.178  4050
-534.756  4100
-535.312  4150
-535.846  4200
-536.357  4250
-536.844  4300
-537.307  4350
-537.746  4400
-538.16  4450
-538.549  4500
-538.913  4550
-539.252  4600
-539.565  4650
-539.854  4700
-540.117  4750
-540.354  4800
-540.567  4850
-540.756  4900
-540.92  4950
-541.059  5000
-541.176  5050
-541.269  5100
-541.34  5150
-541.389  5200
-541.417  5250
-541.424  5300
-541.38  5400
-541.33  5450
-541.263  5500
-541.18  5550
-541.081  5600
-540.969  5650
-540.843  5700
-540.705  5750
-540.556  5800
-540.397  5850
-540.23  5900
-540.055  5950
-539.874  6000
-539.687  6050
-539.498  6100
-539.305  6150
-539.111  6200
-538.917  6250
-538.724  6300
-538.534  6350
-538.348  6400
-538.166  6450
-537.99  6500
-537.822  6550
-537.662  6600
-537.512  6650
-537.372  6700
-537.245  6750
-537.13  6800
-537.029  6850
-536.943  6900
-536.873  6950
-536.819  7000
-536.783  7050
-536.766  7100
-536.768  7150
-536.789  7200
-536.831  7250
-536.894  7300
-536.979  7350
-537.086  7400
-537.215  7450
-537.368  7500
-537.543  7550
-537.742  7600
-537.964  7650
-538.211  7700
-538.48  7750
-538.774  7800
-539.091  7850
-539.431  7900
-539.795  7950
-540.182  8000
-540.591  8050
-541.022  8100
-541.476  8150
-541.95  8200
-542.445  8250
-542.96  8300
-543.494  8350
-544.046  8400
-544.617  8450
-545.204  8500
-545.807  8550
-546.426  8600
-547.058  8650
-547.703  8700
-548.361  8750
-549.029  8800
-549.707  8850
-550.394  8900
-551.088  8950
-551.789  9000
-552.494  9050
-553.204  9100
-553.916  9150
-554.63  9200
-555.344  9250
-556.056  9300
-556.767  9350
-557.473  9400
-558.175  9450
-558.871  9500
-559.56  9550
-560.24  9600
-560.911  9650
-561.571  9700
-562.219  9750
-562.854  9800
-563.475  9850
-564.081  9900
-564.671  9950
-565.244  10000
-565.799  10050
-566.335  10100
-566.851  10150
-567.347  10200
-567.822  10250
-568.276  10300
-568.706  10350
-569.114  10400
-569.498  10450
-569.859  10500
-570.195  10550
-570.506  10600
-570.792  10650
-571.053  10700
-571.289  10750
-571.5  10800
-571.685  10850
-571.844  10900
-571.979  10950
-572.088  11000
-572.172  11050
-572.232  11100
-572.267  11150
-572.279  11200
-572.232  11300
-572.175  11350
-572.096  11400
-571.996  11450
-571.875  11500
-571.735  11550
-571.577  11600
-571.4  11650
-571.207  11700
-570.997  11750
-570.773  11800
-570.534  11850
-570.283  11900
-570.019  11950
-569.745  12000
-569.462  12050
-569.17  12100
-568.87  12150
-568.565  12200
-568.255  12250
-567.941  12300
-567.625  12350
-567.307  12400
-566.99  12450
-566.674  12500
-566.36  12550
-566.051  12600
-565.746  12650
-565.447  12700
-565.156  12750
-564.873  12800
-564.599  12850
-564.336  12900
-564.085  12950
-563.847  13000
-563.622  13050
-563.412  13100
-563.217  13150
-563.039  13200
-562.878  13250
-562.736  13300
-562.611  13350
-562.507  13400
-562.422  13450
-562.358  13500
-562.315  13550
-562.294  13600
-562.294  13650
-562.317  13700
-562.362  13750
-562.43  13800
-562.521  13850
-562.634  13900
-562.771  13950
-562.93  14000
-563.112  14050
-563.317  14100
-563.544  14150
-563.793  14200
-564.063  14250
-564.355  14300
-564.668  14350
-565  14400
-565.352  14450
-565.723  14500
-566.112  14550
-566.519  14600
-566.942  14650
-567.381  14700
-567.835  14750
-568.303  14800
-568.783  14850
-569.276  14900
-569.779  14950
-570.293  15000
-570.814  15050
-571.344  15100
-571.88  15150
-572.421  15200
-572.965  15250
-573.513  15300
-574.062  15350
-574.612  15400
-575.161  15450
-575.707  15500
-576.25  15550
-576.789  15600
-577.322  15650
-577.847  15700
-578.365  15750
-578.873  15800
-579.371  15850
-579.857  15900
-580.331  15950
-580.791  16000
-581.236  16050
-581.665  16100
-582.077  16150
-582.472  16200
-582.848  16250
-583.205  16300
-583.541  16350
-583.857  16400
-584.151  16450
-584.423  16500
-584.672  16550
-584.898  16600
-585.1  16650
-585.278  16700
-585.431  16750
-585.559  16800
-585.663  16850
-585.741  16900
-585.793  16950
-585.82  17000
-585.822  17050
-585.75  17150
-585.676  17200
-585.578  17250
-585.455  17300
-585.308  17350
-585.137  17400
-584.943  17450
-584.727  17500
-584.488  17550
-584.229  17600
-583.948  17650
-583.648  17700
-583.328  17750
-582.99  17800
-582.635  17850
-582.264  17900
-581.877  17950
-581.475  18000
-581.06  18050
-580.633  18100
-580.194  18150
-579.746  18200
-579.288  18250
-578.822  18300
-578.35  18350
-577.873  18400
-577.391  18450
-576.906  18500
-576.419  18550
-575.932  18600
-575.445  18650
-574.961  18700
-574.479  18750
-574.002  18800
-573.53  18850
-573.065  18900
-572.608  18950
-572.159  19000
-571.721  19050
-571.294  19100
-570.878  19150
-570.476  19200
-570.089  19250
-569.716  19300
-569.359  19350
-569.019  19400
-568.696  19450
-568.392  19500
-568.106  19550
-567.84  19600
-567.595  19650
-567.37  19700
-567.166  19750
-566.984  19800
-566.824  19850
-566.686  19900
-566.571  19950
-566.478  20000
-566.408  20050
-566.36  20100
-566.335  20150
-566.333  20200
-566.354  20250
-566.396  20300
-566.461  20350
-566.547  20400
-566.655  20450
-566.783  20500
-566.931  20550
-567.099  20600
-567.286  20650
-567.492  20700
-567.715  20750
-567.955  20800
-568.211  20850
-568.482  20900
-568.767  20950
-569.065  21000
-569.375  21050
-569.697  21100
-570.029  21150
-570.37  21200
-570.718  21250
-571.074  21300
-571.435  21350
-571.8  21400
-572.169  21450
-572.539  21500
-572.91  21550
-573.281  21600
-573.65  21650
-574.016  21700
-574.378  21750
-574.734  21800
-575.084  21850
-575.427  21900
-575.76  21950
-576.083  22000
-576.395  22050
-576.695  22100
-576.981  22150
-577.253  22200
-577.509  22250
-577.749  22300
-577.972  22350
-578.176  22400
-578.362  22450
-578.527  22500
-578.672  22550
-578.796  22600
-578.897  22650
-578.977  22700
-579.033  22750
-579.065  22800
-579.074  22850
-579.017  22950
-578.952  23000
-578.861  23050
-578.745  23100
-578.604  23150
-578.437  23200
-578.246  23250
-578.029  23300
-577.787  23350
-577.52  23400
-577.229  23450
-576.914  23500
-576.575  23550
-576.213  23600
-575.829  23650
-575.422  23700
-574.994  23750
-574.545  23800
-574.077  23850
-573.589  23900
-573.083  23950
-572.559  24000
-572.019  24050
-571.463  24100
-570.893  24150
-570.309  24200
-569.713  24250
-569.105  24300
-568.488  24350
-567.861  24400
-567.226  24450
-566.585  24500
-565.938  24550
-565.287  24600
-564.632  24650
-563.976  24700
-563.32  24750
-562.664  24800
-562.01  24850
-561.359  24900
-560.712  24950
-560.071  25000
-559.437  25050
-558.811  25100
-558.193  25150
-557.586  25200
-556.99  25250
-556.407  25300
-555.836  25350
-555.28  25400
-554.739  25450
-554.215  25500
-553.707  25550
-553.217  25600
-552.746  25650
-552.294  25700
-551.862  25750
-551.451  25800
-551.061  25850
-550.692  25900
-550.345  25950
-550.021  26000
-549.719  26050
-549.44  26100
-549.185  26150
-548.952  26200
-548.743  26250
-548.557  26300
-548.394  26350
-548.254  26400
-548.137  26450
-548.043  26500
-547.971  26550
-547.92  26600
-547.891  26650
-547.883  26700
-547.895  26750
-547.927  26800
-547.977  26850
-548.046  26900
-548.132  26950
-548.235  27000
-548.354  27050
-548.487  27100
-548.635  27150
-548.795  27200
-548.967  27250
-549.149  27300
-549.341  27350
-549.542  27400
-549.75  27450
-549.964  27500
-550.183  27550
-550.406  27600
-550.632  27650
-550.858  27700
-551.085  27750
-551.311  27800
-551.534  27850
-551.753  27900
-551.968  27950
-552.176  28000
-552.377  28050
-552.57  28100
-552.753  28150
-552.925  28200
-553.086  28250
-553.233  28300
-553.367  28350
-553.485  28400
-553.587  28450
-553.672  28500
-553.739  28550
-553.788  28600
-553.817  28650
-553.826  28700
-553.779  28800
-553.723  28850
-553.644  28900
-553.541  28950
-553.415  29000
-553.264  29050
-553.089  29100
-552.889  29150
-552.665  29200
-552.415  29250
-552.14  29300
-551.84  29350
-551.515  29400
-551.164  29450
-550.789  29500
-550.39  29550
-549.966  29600
-549.519  29650
-549.047  29700
-548.553  29750
-548.037  29800
-547.498  29850
-546.939  29900
-546.359  29950
-545.759  30000
-545.14  30050
-544.504  30100
-543.85  30150
-543.179  30200
-542.494  30250
-541.794  30300
-541.081  30350
-540.356  30400
-539.621  30450
-538.875  30500
-538.12  30550
-537.359  30600
-536.591  30650
-535.818  30700
-535.041  30750
-534.262  30800
-533.481  30850
-532.7  30900
-531.921  30950
-531.144  31000
-530.372  31050
-529.604  31100
-528.842  31150
-528.088  31200
-527.342  31250
-526.606  31300
-525.881  31350
-525.169  31400
-524.469  31450
-523.783  31500
-523.113  31550
-522.459  31600
-521.822  31650
-521.202  31700
-520.602  31750
-520.021  31800
-519.46  31850
-518.92  31900
-518.402  31950
-517.906  32000
-517.432  32050
-516.982  32100
-516.554  32150
-516.151  32200
-515.771  32250
-515.415  32300
-515.084  32350
-514.777  32400
-514.494  32450
-514.235  32500
-514  32550
-513.789  32600
-513.602  32650
-513.438  32700
-513.296  32750
-513.177  32800
-513.079  32850
-513.003  32900
-512.947  32950
-512.911  33000
-512.894  33050
-512.896  33100
-512.915  33150
-512.95  33200
-513.001  33250
-513.067  33300
-513.146  33350
-513.238  33400
-513.341  33450
-513.454  33500
-513.577  33550
-513.708  33600
-513.845  33650
-513.988  33700
-514.135  33750
-514.286  33800
-514.438  33850
-514.591  33900
-514.743  33950
-514.893  34000
-515.04  34050
-515.182  34100
-515.319  34150
-515.449  34200
-515.571  34250
-515.683  34300
-515.785  34350
-515.875  34400
-515.953  34450
-516.017  34500
-516.066  34550
-516.1  34600
-516.116  34650
-516.096  34750
-516.057  34800
-515.998  34850
-515.918  34900
-515.817  34950
-515.693  35000
-515.547  35050
-515.378  35100
-515.185  35150
-514.968  35200
-514.727  35250
-514.462  35300
-514.171  35350
-513.856  35400
-513.516  35450
-513.151  35500
-512.761  35550
-512.346  35600
-511.907  35650
-511.443  35700
-510.956  35750
-510.445  35800
-509.911  35850
-509.354  35900
-508.775  35950
-508.175  36000
-507.554  36050
-506.913  36100
-506.253  36150
-505.574  36200
-504.878  36250
-504.165  36300
-503.436  36350
-502.693  36400
-501.937  36450
-501.167  36500
-500.387  36550
-499.596  36600
-498.796  36650
-497.988  36700
-497.174  36750
-496.354  36800
-495.53  36850
-494.703  36900
-493.875  36950
-493.046  37000
-492.219  37050
-491.393  37100
-490.571  37150
-489.755  37200
-488.944  37250
-488.14  37300
-487.345  37350
-486.56  37400
-485.786  37450
-485.024  37500
-484.275  37550
-483.541  37600
-482.822  37650
-482.119  37700
-481.434  37750
-480.767  37800
-480.119  37850
-479.491  37900
-478.884  37950
-478.299  38000
-477.735  38050
-477.195  38100
-476.677  38150
-476.184  38200
-475.715  38250
-475.27  38300
-474.85  38350
-474.455  38400
-474.086  38450
-473.742  38500
-473.424  38550
-473.13  38600
-472.862  38650
-472.619  38700
-472.401  38750
-472.208  38800
-472.039  38850
-471.893  38900
-471.771  38950
-471.672  39000
-471.594  39050
-471.538  39100
-471.503  39150
-471.488  39200
-471.492  39250
-471.514  39300
-471.553  39350
-471.609  39400
-471.68  39450
-471.765  39500
-471.863  39550
-471.974  39600
-472.095  39650
-472.226  39700
-472.366  39750
-472.512  39800
-472.665  39850
-472.823  39900
-472.984  39950
-473.147  40000
-473.312  40050
-473.476  40100
-473.638  40150
-473.797  40200
-473.953  40250
-474.102  40300
-474.246  40350
-474.381  40400
-474.507  40450
-474.623  40500
-474.728  40550
-474.82  40600
-474.899  40650
-474.962  40700
-475.011  40750
-475.042  40800
-475.057  40850
-475.029  40950
-474.986  41000
-474.921  41050
-474.836  41100
-474.729  41150
-474.599  41200
-474.446  41250
-474.269  41300
-474.069  41350
-473.845  41400
-473.597  41450
-473.323  41500
-473.026  41550
-472.703  41600
-472.356  41650
-471.985  41700
-471.589  41750
-471.169  41800
-470.725  41850
-470.257  41900
-469.766  41950
-469.253  42000
-468.717  42050
-468.16  42100
-467.581  42150
-466.983  42200
-466.365  42250
-465.729  42300
-465.074  42350
-464.403  42400
-463.716  42450
-463.014  42500
-462.298  42550
-461.569  42600
-460.828  42650
-460.077  42700
-459.317  42750
-458.548  42800
-457.773  42850
-456.991  42900
-456.206  42950
-455.417  43000
-454.626  43050
-453.835  43100
-453.045  43150
-452.257  43200
-451.472  43250
-450.692  43300
-449.917  43350
-449.151  43400
-448.392  43450
-447.643  43500
-446.906  43550
-446.18  43600
-445.468  43650
-444.77  43700
-444.088  43750
-443.422  43800
-442.774  43850
-442.145  43900
-441.535  43950
-440.945  44000
-440.377  44050
-439.83  44100
-439.307  44150
-438.806  44200
-438.33  44250
-437.878  44300
-437.451  44350
-437.049  44400
-436.673  44450
-436.323  44500
-435.999  44550
-435.701  44600
-435.43  44650
-435.185  44700
-434.967  44750
-434.774  44800
-434.608  44850
-434.467  44900
-434.352  44950
-434.262  45000
-434.196  45050
-434.155  45100
-434.137  45150
-434.141  45200
-434.168  45250
-434.216  45300
-434.285  45350
-434.373  45400
-434.48  45450
-434.605  45500
-434.747  45550
-434.905  45600
-435.077  45650
-435.263  45700
-435.461  45750
-435.671  45800
-435.89  45850
-436.119  45900
-436.355  45950
-436.597  46000
-436.845  46050
-437.096  46100
-437.349  46150
-437.604  46200
-437.858  46250
-438.112  46300
-438.362  46350
-438.608  46400
-438.849  46450
-439.084  46500
-439.31  46550
-439.528  46600
-439.736  46650
-439.932  46700
-440.116  46750
-440.286  46800
-440.442  46850
-440.582  46900
-440.706  46950
-440.812  47000
-440.9  47050
-440.969  47100
-441.018  47150
-441.046  47200
-441.053  47250
-441.001  47350
-440.941  47400
-440.858  47450
-440.751  47500
-440.62  47550
-440.465  47600
-440.286  47650
-440.082  47700
-439.854  47750
-439.601  47800
-439.325  47850
-439.024  47900
-438.699  47950
-438.351  48000
-437.979  48050
-437.585  48100
-437.168  48150
-436.73  48200
-436.27  48250
-435.79  48300
-435.291  48350
-434.772  48400
-434.235  48450
-433.681  48500
-433.111  48550
-432.525  48600
-431.925  48650
-431.312  48700
-430.687  48750
-430.051  48800
-429.404  48850
-428.75  48900
-428.087  48950
-427.419  49000
-426.746  49050
-426.069  49100
-425.39  49150
-424.71  49200
-424.03  49250
-423.351  49300
-422.676  49350
-422.005  49400
-421.34  49450
-420.681  49500
-420.03  49550
-419.389  49600
-418.759  49650
-418.14  49700
-417.535  49750
-416.943  49800
-416.367  49850
-415.808  49900
-415.265  49950
-414.742  50000
-414.238  50050
-413.754  50100
-413.291  50150
-412.85  50200
-412.432  50250
-412.038  50300
-411.668  50350
-411.322  50400
-411.002  50450
-410.707  50500
-410.438  50550
-410.196  50600
-409.98  50650
-409.791  50700
-409.629  50750
-409.494  50800
-409.386  50850
-409.305  50900
-409.251  50950
-409.223  51000
-409.221  51050
-409.245  51100
-409.295  51150
-409.37  51200
-409.469  51250
-409.592  51300
-409.738  51350
-409.907  51400
-410.097  51450
-410.308  51500
-410.539  51550
-410.789  51600
-411.058  51650
-411.343  51700
-411.644  51750
-411.96  51800
-412.29  51850
-412.633  51900
-412.987  51950
-413.351  52000
-413.724  52050
-414.105  52100
-414.492  52150
-414.884  52200
-415.28  52250
-415.679  52300
-416.078  52350
-416.478  52400
-416.876  52450
-417.272  52500
-417.663  52550
-418.05  52600
-418.429  52650
-418.801  52700
-419.164  52750
-419.517  52800
-419.859  52850
-420.188  52900
-420.504  52950
-420.805  53000
-421.091  53050
-421.36  53100
-421.612  53150
-421.845  53200
-422.059  53250
-422.254  53300
-422.428  53350
-422.581  53400
-422.712  53450
-422.821  53500
-422.907  53550
-422.97  53600
-423.009  53650
-423.025  53700
-422.984  53800
-422.927  53850
-422.846  53900
-422.741  53950
-422.612  54000
-422.458  54050
-422.281  54100
-422.081  54150
-421.858  54200
-421.612  54250
-421.345  54300
-421.055  54350
-420.745  54400
-420.415  54450
-420.066  54500
-419.697  54550
-419.311  54600
-418.908  54650
-418.49  54700
-418.056  54750
-417.608  54800
-417.147  54850
-416.675  54900
-416.192  54950
-415.7  55000
-415.199  55050
-414.691  55100
-414.178  55150
-413.66  55200
-413.138  55250
-412.615  55300
-412.092  55350
-411.569  55400
-411.048  55450
-410.53  55500
-410.017  55550
-409.51  55600
-409.01  55650
-408.519  55700
-408.037  55750
-407.567  55800
-407.108  55850
-406.663  55900
-406.233  55950
-405.818  56000
-405.42  56050
-405.04  56100
-404.679  56150
-404.337  56200
-404.016  56250
-403.717  56300
-403.439  56350
-403.185  56400
-402.955  56450
-402.748  56500
-402.567  56550
-402.411  56600
-402.281  56650
-402.177  56700
-402.1  56750
-402.05  56800
-402.026  56850
-402.03  56900
-402.06  56950
-402.118  57000
-402.203  57050
-402.314  57100
-402.452  57150
-402.617  57200
-402.807  57250
-403.023  57300
-403.264  57350
-403.529  57400
-403.818  57450
-404.13  57500
-404.465  57550
-404.822  57600
-405.199  57650
-405.596  57700
-406.013  57750
-406.447  57800
-406.898  57850
-407.366  57900
-407.848  57950
-408.344  58000
-408.852  58050
-409.372  58100
-409.902  58150
-410.441  58200
-410.988  58250
-411.541  58300
-412.099  58350
-412.66  58400
-413.224  58450
-413.79  58500
-414.355  58550
-414.919  58600
-415.48  58650
-416.037  58700
-416.588  58750
-417.134  58800
-417.671  58850
-418.199  58900
-418.718  58950
-419.225  59000
-419.719  59050
-420.2  59100
-420.667  59150
-421.118  59200
-421.553  59250
-421.97  59300
-422.369  59350
-422.749  59400
-423.109  59450
-423.449  59500
-423.767  59550
-424.064  59600
-424.339  59650
-424.591  59700
-424.82  59750
-425.025  59800
-425.207  59850
-425.364  59900
-425.498  59950
-425.607  60000
-425.693  60050
-425.754  60100
-425.791  60150
-425.804  60200
-425.76  60300
-425.704  60350
-425.625  60400
-425.524  60450
-425.402  60500
-425.259  60550
-425.096  60600
-424.913  60650
-424.712  60700
-424.493  60750
-424.257  60800
-424.006  60850
-423.739  60900
-423.458  60950
-423.165  61000
-422.859  61050
-422.543  61100
-422.218  61150
-421.884  61200
-421.543  61250
-421.196  61300
-420.845  61350
-420.49  61400
-420.134  61450
-419.776  61500
-419.419  61550
-419.064  61600
-418.713  61650
-418.365  61700
-418.024  61750
-417.689  61800
-417.363  61850
-417.046  61900
-416.74  61950
-416.446  62000
-416.165  62050
-415.898  62100
-415.647  62150
-415.412  62200
-415.195  62250
-414.996  62300
-414.816  62350
-414.657  62400
-414.519  62450
-414.403  62500
-414.309  62550
-414.239  62600
-414.193  62650
-414.172  62700
-414.175  62750
-414.204  62800
-414.258  62850
-414.339  62900
-414.447  62950
-414.58  63000
-414.741  63050
-414.928  63100
-415.142  63150
-415.382  63200
-415.649  63250
-415.942  63300
-416.261  63350
-416.606  63400
-416.976  63450
-417.37  63500
-417.789  63550
-418.231  63600
-418.696  63650
-419.183  63700
-419.691  63750
-420.22  63800
-420.769  63850
-421.336  63900
-421.921  63950
-422.523  64000
-423.141  64050
-423.773  64100
-424.419  64150
-425.077  64200
-425.746  64250
-426.426  64300
-427.113  64350
-427.809  64400
-428.51  64450
-429.217  64500
-429.927  64550
-430.64  64600
-431.353  64650
-432.067  64700
-432.779  64750
-433.488  64800
-434.193  64850
-434.892  64900
-435.585  64950
-436.271  65000
-436.947  65050
-437.613  65100
-438.268  65150
-438.91  65200
-439.539  65250
-440.154  65300
-440.753  65350
-441.335  65400
-441.9  65450
-442.447  65500
-442.975  65550
-443.483  65600
-443.971  65650
-444.438  65700
-444.883  65750
-445.305  65800
-445.706  65850
-446.082  65900
-446.436  65950
-446.766  66000
-447.071  66050
-447.353  66100
-447.611  66150
-447.844  66200
-448.053  66250
-448.238  66300
-448.399  66350
-448.536  66400
-448.651  66450
-448.741  66500
-448.81  66550
-448.856  66600
-448.881  66650
-448.884  66700
-448.831  66800
-448.776  66850
-448.703  66900
-448.613  66950
-448.506  67000
-448.384  67050
-448.247  67100
-448.098  67150
-447.936  67200
-447.763  67250
-447.58  67300
-447.388  67350
-447.188  67400
-446.982  67450
-446.771  67500
-446.556  67550
-446.338  67600
-446.119  67650
-445.9  67700
-445.682  67750
-445.466  67800
-445.255  67850
-445.048  67900
-444.847  67950
-444.654  68000
-444.469  68050
-444.295  68100
-444.131  68150
-443.98  68200
-443.842  68250
-443.719  68300
-443.611  68350
-443.52  68400
-443.446  68450
-443.391  68500
-443.355  68550
-443.34  68600
-443.345  68650
-443.372  68700
-443.421  68750
-443.494  68800
-443.59  68850
-443.71  68900
-443.855  68950
-444.025  69000
-444.22  69050
-444.44  69100
-444.686  69150
-444.958  69200
-445.256  69250
-445.58  69300
-445.929  69350
-446.304  69400
-446.705  69450
-447.13  69500
-447.581  69550
-448.056  69600
-448.554  69650
-449.077  69700
-449.622  69750
-450.189  69800
-450.778  69850
-451.388  69900
-452.017  69950
-452.666  70000
-453.333  70050
-454.017  70100
-454.718  70150
-455.434  70200
-456.164  70250
-456.907  70300
-457.662  70350
-458.428  70400
-459.204  70450
-459.988  70500
-460.779  70550
-461.576  70600
-462.378  70650
-463.183  70700
-463.991  70750
-464.799  70800
-465.607  70850
-466.414  70900
-467.217  70950
-468.017  71000
-468.811  71050
-469.598  71100
-470.377  71150
-471.148  71200
-471.908  71250
-472.657  71300
-473.394  71350
-474.117  71400
-474.826  71450
-475.519  71500
-476.196  71550
-476.855  71600
-477.496  71650
-478.119  71700
-478.721  71750
-479.303  71800
-479.864  71850
-480.404  71900
-480.921  71950
-481.415  72000
-481.886  72050
-482.334  72100
-482.758  72150
-483.158  72200
-483.534  72250
-483.885  72300
-484.212  72350
-484.515  72400
-484.793  72450
-485.048  72500
-485.278  72550
-485.485  72600
-485.668  72650
-485.829  72700
-485.967  72750
-486.083  72800
-486.178  72850
-486.252  72900
-486.306  72950
-486.34  73000
-486.356  73050
-486.335  73150
-486.3  73200
-486.25  73250
-486.187  73300
-486.11  73350
-486.021  73400
-485.921  73450
-485.812  73500
-485.694  73550
-485.569  73600
-485.438  73650
-485.301  73700
-485.162  73750
-485.019  73800
-484.875  73850
-484.732  73900
-484.59  73950
-484.45  74000
-484.314  74050
-484.183  74100
-484.058  74150
-483.941  74200
-483.832  74250
-483.733  74300
-483.645  74350
-483.569  74400
-483.507  74450
-483.458  74500
-483.425  74550
-483.408  74600
-483.408  74650
-483.425  74700
-483.462  74750
-483.519  74800
-483.595  74850
-483.693  74900
-483.812  74950
-483.954  75000
-484.118  75050
-484.306  75100
-484.517  75150
-484.753  75200
-485.012  75250
-485.296  75300
-485.604  75350
-485.938  75400
-486.295  75450
-486.678  75500
-487.085  75550
-487.516  75600
-487.971  75650
-488.45  75700
-488.953  75750
-489.479  75800
-490.027  75850
-490.597  75900
-491.188  75950
-491.8  76000
-492.432  76050
-493.083  76100
-493.753  76150
-494.44  76200
-495.144  76250
-495.864  76300
-496.598  76350
-497.346  76400
-498.107  76450
-498.879  76500
-499.661  76550
-500.453  76600
-501.253  76650
-502.06  76700
-502.872  76750
-503.689  76800
-504.509  76850
-505.331  76900
-506.153  76950
-506.975  77000
-507.796  77050
-508.613  77100
-509.426  77150
-510.234  77200
-511.035  77250
-511.828  77300
-512.612  77350
-513.386  77400
-514.149  77450
-514.899  77500
-515.636  77550
-516.358  77600
-517.065  77650
-517.755  77700
-518.429  77750
-519.084  77800
-519.72  77850
-520.337  77900
-520.933  77950
-521.508  78000
-522.061  78050
-522.592  78100
-523.1  78150
-523.586  78200
-524.047  78250
-524.485  78300
-524.899  78350
-525.288  78400
-525.653  78450
-525.994  78500
-526.31  78550
-526.601  78600
-526.869  78650
-527.111  78700
-527.331  78750
-527.526  78800
-527.698  78850
-527.847  78900
-527.974  78950
-528.079  79000
-528.162  79050
-528.225  79100
-528.268  79150
-528.292  79200
-528.297  79250
-528.255  79350
-528.21  79400
-528.15  79450
-528.077  79500
-527.99  79550
-527.892  79600
-527.782  79650
-527.664  79700
-527.536  79750
-527.402  79800
-527.261  79850
-527.116  79900
-526.967  79950
-526.815  80000
-526.662  80050
-526.509  80100
-526.357  80150
-526.208  80200
-526.062  80250
-525.921  80300
-525.786  80350
-525.658  80400
-525.538  80450
-525.428  80500
-525.328  80550
-525.24  80600
-525.165  80650
-525.103  80700
-525.056  80750
-525.024  80800
-525.009  80850
-525.011  80900
-525.031  80950
-525.07  81000
-525.129  81050
-525.207  81100
-525.307  81150
-525.427  81200
-525.57  81250
-525.734  81300
-525.922  81350
-526.132  81400
-526.365  81450
-526.621  81500
-526.9  81550
-527.203  81600
-527.53  81650
-527.879  81700
-528.252  81750
-528.648  81800
-529.067  81850
-529.507  81900
-529.97  81950
-530.455  82000
-530.96  82050
-531.486  82100
-532.031  82150
-532.596  82200
-533.18  82250
-533.781  82300
-534.398  82350
-535.032  82400
-535.681  82450
-536.344  82500
-537.02  82550
-537.709  82600
-538.408  82650
-539.118  82700
-539.836  82750
-540.562  82800
-541.295  82850
-542.033  82900
-542.775  82950
-543.521  83000
-544.268  83050
-545.016  83100
-545.763  83150
-546.508  83200
-547.25  83250
-547.988  83300
-548.721  83350
-549.447  83400
-550.165  83450
-550.874  83500
-551.573  83550
-552.261  83600
-552.936  83650
-553.598  83700
-554.246  83750
-554.879  83800
-555.495  83850
-556.094  83900
-556.675  83950
-557.238  84000
-557.781  84050
-558.303  84100
-558.804  84150
-559.284  84200
-559.742  84250
-560.177  84300
-560.589  84350
-560.978  84400
-561.342  84450
-561.683  84500
-561.999  84550
-562.291  84600
-562.558  84650
-562.8  84700
-563.018  84750
-563.211  84800
-563.38  84850
-563.525  84900
-563.645  84950
-563.743  85000
-563.817  85050
-563.868  85100
-563.896  85150
-563.903  85200
-563.855  85300
-563.8  85350
-563.727  85400
-563.635  85450
-563.525  85500
-563.4  85550
-563.258  85600
-563.102  85650
-562.932  85700
-562.749  85750
-562.555  85800
-562.35  85850
-562.135  85900
-561.913  85950
-561.683  86000
-561.447  86050
-561.206  86100
-560.962  86150
-560.715  86200
-560.467  86250
-560.219  86300
-559.972  86350
-559.727  86400
-559.486  86450
-559.249  86500
-559.018  86550
-558.795  86600
-558.579  86650
-558.372  86700
-558.176  86750
-557.991  86800
-557.818  86850
-557.658  86900
-557.513  86950
-557.382  87000
-557.268  87050
-557.17  87100
-557.09  87150
-557.027  87200
-556.984  87250
-556.96  87300
-556.956  87350
-556.973  87400
-557.011  87450
-557.07  87500
-557.15  87550
-557.253  87600
-557.378  87650
-557.525  87700
-557.694  87750
-557.885  87800
-558.099  87850
-558.336  87900
-558.594  87950
-558.874  88000
-559.176  88050
-559.499  88100
-559.842  88150
-560.206  88200
-560.59  88250
-560.993  88300
-561.414  88350
-561.854  88400
-562.311  88450
-562.784  88500
-563.272  88550
-563.776  88600
-564.293  88650
-564.823  88700
-565.365  88750
-565.918  88800
-566.481  88850
-567.052  88900
-567.631  88950
-568.217  89000
-568.808  89050
-569.403  89100
-570.001  89150
-570.601  89200
-571.202  89250
-571.802  89300
-572.401  89350
-572.997  89400
-573.588  89450
-574.174  89500
-574.754  89550
-575.326  89600
-575.89  89650
-576.443  89700
-576.986  89750
-577.516  89800
-578.034  89850
-578.537  89900
-579.025  89950
-579.498  90000
-579.953  90050
-580.391  90100
-580.81  90150
-581.21  90200
-581.589  90250
-581.948  90300
-582.286  90350
-582.601  90400
-582.895  90450
-583.165  90500
-583.411  90550
-583.635  90600
-583.834  90650
-584.008  90700
-584.159  90750
-584.285  90800
-584.386  90850
-584.462  90900
-584.514  90950
-584.542  91000
-584.545  91050
-584.479  91150
-584.411  91200
-584.32  91250
-584.206  91300
-584.07  91350
-583.913  91400
-583.735  91450
-583.537  91500
-583.319  91550
-583.082  91600
-582.828  91650
-582.556  91700
-582.268  91750
-581.965  91800
-581.648  91850
-581.317  91900
-580.974  91950
-580.62  92000
-580.255  92050
-579.882  92100
-579.5  92150
-579.112  92200
-578.718  92250
-578.32  92300
-577.919  92350
-577.515  92400
-577.11  92450
-576.706  92500
-576.303  92550
-575.903  92600
-575.506  92650
-575.115  92700
-574.729  92750
-574.351  92800
-573.981  92850
-573.62  92900
-573.27  92950
-572.931  93000
-572.604  93050
-572.291  93100
-571.992  93150
-571.708  93200
-571.44  93250
-571.189  93300
-570.955  93350
-570.739  93400
-570.541  93450
-570.364  93500
-570.205  93550
-570.068  93600
-569.951  93650
-569.854  93700
-569.78  93750
-569.727  93800
-569.695  93850
-569.686  93900
-569.698  93950
-569.732  94000
-569.788  94050
-569.866  94100
-569.965  94150
-570.086  94200
-570.227  94250
-570.389  94300
-570.571  94350
-570.773  94400
-570.994  94450
-571.233  94500
-571.491  94550
-571.765  94600
-572.056  94650
-572.362  94700
-572.683  94750
-573.018  94800
-573.366  94850
-573.726  94900
-574.097  94950
-574.478  95000
-574.868  95050
-575.266  95100
-575.671  95150
-576.081  95200
-576.496  95250
-576.914  95300
-577.335  95350
-577.756  95400
-578.177  95450
-578.597  95500
-579.014  95550
-579.428  95600
-579.836  95650
-580.239  95700
-580.634  95750
-581.021  95800
-581.398  95850
-581.765  95900
-582.121  95950
-582.463  96000
-582.792  96050
-583.106  96100
-583.405  96150
-583.687  96200
-583.952  96250
-584.198  96300
-584.426  96350
-584.633  96400
-584.82  96450
-584.987  96500
-585.131  96550
-585.253  96600
-585.353  96650
-585.429  96700
-585.482  96750
-585.511  96800
-585.516  96850
-585.453  96950
-585.385  97000
-585.292  97050
-585.175  97100
-585.033  97150
-584.867  97200
-584.677  97250
-584.464  97300
-584.226  97350
-583.966  97400
-583.683  97450
-583.378  97500
-583.051  97550
-582.704  97600
-582.336  97650
-581.948  97700
-581.541  97750
-581.117  97800
-580.675  97850
-580.216  97900
-579.742  97950
-579.254  98000
-578.752  98050
-578.237  98100
-577.711  98150
-577.175  98200
-576.629  98250
-576.075  98300
-575.514  98350
-574.947  98400
-574.376  98450
-573.8  98500
-573.223  98550
-572.644  98600
-572.065  98650
-571.487  98700
-570.912  98750
-570.34  98800
-569.773  98850
-569.212  98900
-568.657  98950
-568.111  99000
-567.574  99050
-567.047  99100
-566.531  99150
-566.028  99200
-565.538  99250
-565.061  99300
-564.6  99350
-564.155  99400
-563.726  99450
-563.315  99500
-562.921  99550
-562.547  99600
-562.191  99650
-561.856  99700
-561.541  99750
-561.246  99800
-560.973  99850
-560.722  99900
-560.492  99950
-560.284  100000
-560.098  100050
-559.934  100100
-559.792  100150
-559.673  100200
-559.575  100250
-559.5  100300
-559.445  100350
-559.412  100400
-559.4  100450
-559.409  100500
-559.437  100550
-559.486  100600
-559.553  100650
-559.638  100700
-559.741  100750
-559.861  100800
-559.996  100850
-560.148  100900
-560.313  100950
-560.492  101000
-560.684  101050
-560.887  101100
-561.101  101150
-561.324  101200
-561.555  101250
-561.794  101300
-562.039  101350
-562.289  101400
-562.543  101450
-562.8  101500
-563.058  101550
-563.317  101600
-563.575  101650
-563.831  101700
-564.083  101750
-564.331  101800
-564.574  101850
-564.81  101900
-565.038  101950
-565.257  102000
-565.466  102050
-565.664  102100
-565.849  102150
-566.021  102200
-566.179  102250
-566.322  102300
-566.449  102350
-566.558  102400
-566.65  102450
-566.723  102500
-566.777  102550
-566.811  102600
-566.823  102650
-566.784  102750
-566.731  102800
-566.655  102850
-566.556  102900
-566.434  102950
-566.287  103000
-566.116  103050
-565.922  103100
-565.702  103150
-565.459  103200
-565.191  103250
-564.899  103300
-564.582  103350
-564.242  103400
-563.878  103450
-563.491  103500
-563.081  103550
-562.648  103600
-562.194  103650
-561.718  103700
-561.221  103750
-560.703  103800
-560.167  103850
-559.611  103900
-559.038  103950
-558.447  104000
-557.84  104050
-557.218  104100
-556.581  104150
-555.931  104200
-555.268  104250
-554.595  104300
-553.911  104350
-553.218  104400
-552.517  104450
-551.809  104500
-551.095  104550
-550.377  104600
-549.656  104650
-548.933  104700
-548.209  104750
-547.485  104800
-546.762  104850
-546.043  104900
-545.327  104950
-544.617  105000
-543.912  105050
-543.216  105100
-542.527  105150
-541.849  105200
-541.181  105250
-540.525  105300
-539.881  105350
-539.252  105400
-538.637  105450
-538.037  105500
-537.455  105550
-536.889  105600
-536.342  105650
-535.813  105700
-535.304  105750
-534.814  105800
-534.346  105850
-533.898  105900
-533.472  105950
-533.068  106000
-532.686  106050
-532.327  106100
-531.991  106150
-531.677  106200
-531.387  106250
-531.119  106300
-530.874  106350
-530.652  106400
-530.453  106450
-530.276  106500
-530.121  106550
-529.988  106600
-529.876  106650
-529.786  106700
-529.715  106750
-529.664  106800
-529.633  106850
-529.62  106900
-529.624  106950
-529.646  107000
-529.683  107050
-529.736  107100
-529.803  107150
-529.883  107200
-529.975  107250
-530.079  107300
-530.193  107350
-530.316  107400
-530.447  107450
-530.585  107500
-530.729  107550
-530.877  107600
-531.029  107650
-531.182  107700
-531.337  107750
-531.491  107800
-531.644  107850
-531.794  107900
-531.94  107950
-532.081  108000
-532.216  108050
-532.344  108100
-532.463  108150
-532.572  108200
-532.671  108250
-532.757  108300
-532.831  108350
-532.891  108400
-532.936  108450
-532.966  108500
-532.978  108550
-532.95  108650
-532.907  108700
-532.845  108750
-532.762  108800
-532.658  108850
-532.532  108900
-532.384  108950
-532.214  109000
-532.02  109050
-531.803  109100
-531.563  109150
-531.298  109200
-531.01  109250
-530.697  109300
-530.36  109350
-530  109400
-529.615  109450
-529.206  109500
-528.774  109550
-528.318  109600
-527.839  109650
-527.338  109700
-526.814  109750
-526.268  109800
-525.702  109850
-525.115  109900
-524.508  109950
-523.882  110000
-523.237  110050
-522.575  110100
-521.896  110150
-521.201  110200
-520.492  110250
-519.769  110300
-519.032  110350
-518.284  110400
-517.525  110450
-516.757  110500
-515.98  110550
-515.196  110600
-514.406  110650
-513.61  110700
-512.811  110750
-512.01  110800
-511.207  110850
-510.404  110900
-509.602  110950
-508.803  111000
-508.008  111050
-507.217  111100
-506.432  111150
-505.654  111200
-504.885  111250
-504.126  111300
-503.377  111350
-502.64  111400
-501.915  111450
-501.205  111500
-500.509  111550
-499.83  111600
-499.167  111650
-498.521  111700
-497.894  111750
-497.286  111800
-496.698  111850
-496.131  111900
-495.585  111950
-495.06  112000
-494.558  112050
-494.079  112100
-493.623  112150
-493.19  112200
-492.781  112250
-492.395  112300
-492.034  112350
-491.697  112400
-491.384  112450
-491.094  112500
-490.829  112550
-490.588  112600
-490.37  112650
-490.175  112700
-490.003  112750
-489.853  112800
-489.725  112850
-489.619  112900
-489.533  112950
-489.467  113000
-489.421  113050
-489.393  113100
-489.383  113150
-489.39  113200
-489.412  113250
-489.45  113300
-489.502  113350
-489.567  113400
-489.643  113450
-489.731  113500
-489.829  113550
-489.935  113600
-490.048  113650
-490.168  113700
-490.293  113750
-490.422  113800
-490.553  113850
-490.686  113900
-490.819  113950
-490.951  114000
-491.081  114050
-491.207  114100
-491.329  114150
-491.444  114200
-491.553  114250
-491.653  114300
-491.744  114350
-491.825  114400
-491.894  114450
-491.95  114500
-491.993  114550
-492.021  114600
-492.033  114650
-492.008  114750
-491.968  114800
-491.91  114850
-491.832  114900
-491.733  114950
-491.614  115000
-491.473  115050
-491.31  115100
-491.125  115150
-490.917  115200
-490.685  115250
-490.431  115300
-490.152  115350
-489.85  115400
-489.524  115450
-489.174  115500
-488.801  115550
-488.403  115600
-487.982  115650
-487.538  115700
-487.071  115750
-486.58  115800
-486.068  115850
-485.534  115900
-484.979  115950
-484.403  116000
-483.806  116050
-483.191  116100
-482.557  116150
-481.905  116200
-481.236  116250
-480.551  116300
-479.851  116350
-479.137  116400
-478.409  116450
-477.669  116500
-476.919  116550
-476.158  116600
-475.389  116650
-474.612  116700
-473.828  116750
-473.04  116800
-472.247  116850
-471.452  116900
-470.655  116950
-469.858  117000
-469.061  117050
-468.267  117100
-467.477  117150
-466.691  117200
-465.911  117250
-465.139  117300
-464.374  117350
-463.62  117400
-462.876  117450
-462.144  117500
-461.424  117550
-460.719  117600
-460.029  117650
-459.356  117700
-458.699  117750
-458.06  117800
-457.44  117850
-456.839  117900
-456.259  117950
-455.7  118000
-455.163  118050
-454.649  118100
-454.157  118150
-453.689  118200
-453.245  118250
-452.825  118300
-452.429  118350
-452.058  118400
-451.713  118450
-451.392  118500
-451.097  118550
-450.827  118600
-450.581  118650
-450.361  118700
-450.166  118750
-449.994  118800
-449.847  118850
-449.724  118900
-449.624  118950
-449.546  119000
-449.491  119050
-449.458  119100
-449.445  119150
-449.452  119200
-449.478  119250
-449.523  119300
-449.585  119350
-449.664  119400
-449.759  119450
-449.868  119500
-449.991  119550
-450.127  119600
-450.273  119650
-450.43  119700
-450.596  119750
-450.77  119800
-450.951  119850
-451.137  119900
-451.327  119950
-451.52  120000
-451.715  120050
-451.911  120100
-452.105  120150
-452.298  120200
-452.487  120250
-452.672  120300
-452.852  120350
-453.024  120400
-453.188  120450
-453.343  120500
-453.488  120550
-453.622  120600
-453.743  120650
-453.85  120700
-453.943  120750
-454.02  120800
-454.081  120850
-454.125  120900
-454.151  120950
-454.158  121000
-454.113  121100
-454.06  121150
-453.985  121200
-453.888  121250
-453.769  121300
-453.628  121350
-453.463  121400
-453.275  121450
-453.064  121500
-452.83  121550
-452.571  121600
-452.29  121650
-451.984  121700
-451.655  121750
-451.303  121800
-450.928  121850
-450.53  121900
-450.11  121950
-449.669  122000
-449.205  122050
-448.721  122100
-448.217  122150
-447.693  122200
-447.151  122250
-446.59  122300
-446.012  122350
-445.418  122400
-444.808  122450
-444.184  122500
-443.546  122550
-442.896  122600
-442.234  122650
-441.563  122700
-440.882  122750
-440.193  122800
-439.497  122850
-438.795  122900
-438.089  122950
-437.381  123000
-436.67  123050
-435.958  123100
-435.248  123150
-434.539  123200
-433.833  123250
-433.132  123300
-432.436  123350
-431.748  123400
-431.067  123450
-430.396  123500
-429.736  123550
-429.087  123600
-428.451  123650
-427.829  123700
-427.223  123750
-426.632  123800
-426.058  123850
-425.502  123900
-424.966  123950
-424.449  124000
-423.953  124050
-423.478  124100
-423.025  124150
-422.595  124200
-422.188  124250
-421.805  124300
-421.447  124350
-421.113  124400
-420.804  124450
-420.521  124500
-420.263  124550
-420.032  124600
-419.826  124650
-419.646  124700
-419.492  124750
-419.363  124800
-419.26  124850
-419.183  124900
-419.131  124950
-419.103  125000
-419.1  125050
-419.12  125100
-419.164  125150
-419.23  125200
-419.319  125250
-419.428  125300
-419.558  125350
-419.708  125400
-419.877  125450
-420.064  125500
-420.267  125550
-420.487  125600
-420.721  125650
-420.97  125700
-421.231  125750
-421.504  125800
-421.787  125850
-422.079  125900
-422.38  125950
-422.688  126000
-423.001  126050
-423.318  126100
-423.639  126150
-423.961  126200
-424.284  126250
-424.607  126300
-424.927  126350
-425.245  126400
-425.558  126450
-425.865  126500
-426.166  126550
-426.458  126600
-426.742  126650
-427.015  126700
-427.277  126750
-427.527  126800
-427.763  126850
-427.984  126900
-428.191  126950
-428.381  127000
-428.554  127050
-428.708  127100
-428.845  127150
-428.961  127200
-429.058  127250
-429.134  127300
-429.189  127350
-429.222  127400
-429.233  127450
-429.187  127550
-429.13  127600
-429.049  127650
-428.945  127700
-428.818  127750
-428.667  127800
-428.493  127850
-428.296  127900
-428.076  127950
-427.833  128000
-427.568  128050
-427.281  128100
-426.972  128150
-426.643  128200
-426.292  128250
-425.922  128300
-425.533  128350
-425.126  128400
-424.7  128450
-424.258  128500
-423.8  128550
-423.327  128600
-422.84  128650
-422.34  128700
-421.828  128750
-421.305  128800
-420.773  128850
-420.231  128900
-419.682  128950
-419.127  129000
-418.567  129050
-418.003  129100
-417.437  129150
-416.869  129200
-416.301  129250
-415.734  129300
-415.17  129350
-414.609  129400
-414.054  129450
-413.504  129500
-412.963  129550
-412.43  129600
-411.906  129650
-411.394  129700
-410.895  129750
-410.408  129800
-409.937  129850
-409.48  129900
-409.041  129950
-408.619  130000
-408.215  130050
-407.831  130100
-407.467  130150
-407.125  130200
-406.804  130250
-406.505  130300
-406.23  130350
-405.979  130400
-405.752  130450
-405.549  130500
-405.372  130550
-405.22  130600
-405.094  130650
-404.994  130700
-404.92  130750
-404.872  130800
-404.85  130850
-404.855  130900
-404.885  130950
-404.942  131000
-405.023  131050
-405.131  131100
-405.263  131150
-405.419  131200
-405.6  131250
-405.804  131300
-406.031  131350
-406.28  131400
-406.55  131450
-406.841  131500
-407.152  131550
-407.482  131600
-407.829  131650
-408.194  131700
-408.575  131750
-408.971  131800
-409.381  131850
-409.803  131900
-410.238  131950
-410.682  132000
-411.136  132050
-411.599  132100
-412.068  132150
-412.542  132200
-413.022  132250
-413.504  132300
-413.988  132350
-414.473  132400
-414.957  132450
-415.439  132500
-415.918  132550
-416.393  132600
-416.862  132650
-417.325  132700
-417.779  132750
-418.225  132800
-418.66  132850
-419.084  132900
-419.495  132950
-419.893  133000
-420.277  133050
-420.645  133100
-420.998  133150
-421.333  133200
-421.65  133250
-421.948  133300
-422.228  133350
-422.487  133400
-422.726  133450
-422.943  133500
-423.139  133550
-423.313  133600
-423.464  133650
-423.593  133700
-423.699  133750
-423.782  133800
-423.842  133850
-423.878  133900
-423.891  133950
-423.848  134050
-423.792  134100
-423.713  134150
-423.613  134200
-423.49  134250
-423.346  134300
-423.181  134350
-422.996  134400
-422.792  134450
-422.568  134500
-422.326  134550
-422.066  134600
-421.79  134650
-421.498  134700
-421.191  134750
-420.87  134800
-420.536  134850
-420.191  134900
-419.835  134950
-419.468  135000
-419.094  135050
-418.712  135100
-418.324  135150
-417.931  135200
-417.534  135250
-417.135  135300
-416.734  135350
-416.333  135400
-415.934  135450
-415.537  135500
-415.144  135550
-414.756  135600
-414.374  135650
-414  135700
-413.634  135750
-413.278  135800
-412.934  135850
-412.601  135900
-412.282  135950
-411.977  136000
-411.688  136050
-411.415  136100
-411.16  136150
-410.923  136200
-410.706  136250
-410.508  136300
-410.332  136350
-410.177  136400
-410.045  136450
-409.935  136500
-409.85  136550
-409.788  136600
-409.751  136650
-409.738  136700
-409.751  136750
-409.79  136800
-409.854  136850
-409.944  136900
-410.061  136950
-410.203  137000
-410.371  137050
-410.565  137100
-410.784  137150
-411.029  137200
-411.299  137250
-411.593  137300
-411.912  137350
-412.255  137400
-412.621  137450
-413.009  137500
-413.419  137550
-413.851  137600
-414.303  137650
-414.774  137700
-415.265  137750
-415.773  137800
-416.298  137850
-416.839  137900
-417.394  137950
-417.964  138000
-418.546  138050
-419.14  138100
-419.744  138150
-420.357  138200
-420.978  138250
-421.607  138300
-422.24  138350
-422.878  138400
-423.519  138450
-424.162  138500
-424.806  138550
-425.448  138600
-426.089  138650
-426.727  138700
-427.36  138750
-427.988  138800
-428.609  138850
-429.222  138900
-429.826  138950
-430.42  139000
-431.002  139050
-431.572  139100
-432.129  139150
-432.672  139200
-433.199  139250
-433.71  139300
-434.204  139350
-434.68  139400
-435.137  139450
-435.576  139500
-435.994  139550
-436.392  139600
-436.769  139650
-437.124  139700
-437.457  139750
-437.768  139800
-438.057  139850
-438.322  139900
-438.564  139950
-438.784  140000
-438.98  140050
-439.152  140100
-439.302  140150
-439.428  140200
-439.532  140250
-439.613  140300
-439.672  140350
-439.709  140400
-439.725  140450
-439.693  140550
-439.648  140600
-439.583  140650
-439.5  140700
-439.399  140750
-439.281  140800
-439.148  140850
-438.999  140900
-438.836  140950
-438.66  141000
-438.472  141050
-438.273  141100
-438.063  141150
-437.845  141200
-437.619  141250
-437.387  141300
-437.149  141350
-436.907  141400
-436.662  141450
-436.415  141500
-436.168  141550
-435.921  141600
-435.676  141650
-435.435  141700
-435.198  141750
-434.967  141800
-434.743  141850
-434.526  141900
-434.319  141950
-434.122  142000
-433.937  142050
-433.765  142100
-433.606  142150
-433.462  142200
-433.334  142250
-433.223  142300
-433.129  142350
-433.054  142400
-432.998  142450
-432.962  142500
-432.948  142550
-432.955  142600
-432.984  142650
-433.036  142700
-433.111  142750
-433.21  142800
-433.333  142850
-433.481  142900
-433.654  142950
-433.851  143000
-434.074  143050
-434.322  143100
-434.595  143150
-434.894  143200
-435.217  143250
-435.566  143300
-435.939  143350
-436.337  143400
-436.759  143450
-437.204  143500
-437.673  143550
-438.164  143600
-438.677  143650
-439.212  143700
-439.767  143750
-440.342  143800
-440.937  143850
-441.549  143900
-442.179  143950
-442.826  144000
-443.488  144050
-444.165  144100
-444.855  144150
-445.557  144200
-446.271  144250
-446.994  144300
-447.727  144350
-448.467  144400
-449.214  144450
-449.967  144500
-450.723  144550
-451.483  144600
-452.244  144650
-453.006  144700
-453.767  144750
-454.526  144800
-455.281  144850
-456.032  144900
-456.778  144950
-457.517  145000
-458.248  145050
-458.97  145100
-459.681  145150
-460.382  145200
-461.07  145250
-461.744  145300
-462.405  145350
-463.05  145400
-463.679  145450
-464.291  145500
-464.886  145550
-465.462  145600
-466.018  145650
-466.555  145700
-467.072  145750
-467.567  145800
-468.041  145850
-468.492  145900
-468.922  145950
-469.329  146000
-469.713  146050
-470.073  146100
-470.411  146150
-470.725  146200
-471.016  146250
-471.284  146300
-471.529  146350
-471.75  146400
-471.949  146450
-472.126  146500
-472.28  146550
-472.413  146600
-472.524  146650
-472.614  146700
-472.685  146750
-472.736  146800
-472.768  146850
-472.782  146900
-472.759  147000
-472.724  147050
-472.674  147100
-472.61  147150
-472.533  147200
-472.445  147250
-472.346  147300
-472.237  147350
-472.12  147400
-471.995  147450
-471.865  147500
-471.729  147550
-471.589  147600
-471.447  147650
-471.303  147700
-471.159  147750
-471.015  147800
-470.874  147850
-470.737  147900
-470.604  147950
-470.476  148000
-470.356  148050
-470.244  148100
-470.141  148150
-470.048  148200
-469.967  148250
-469.898  148300
-469.843  148350
-469.802  148400
-469.777  148450
-469.769  148500
-469.777  148550
-469.804  148600
-469.849  148650
-469.915  148700
-470  148750
-470.107  148800
-470.235  148850
-470.385  148900
-470.558  148950
-470.754  149000
-470.973  149050
-471.215  149100
-471.482  149150
-471.772  149200
-472.087  149250
-472.426  149300
-472.789  149350
-473.176  149400
-473.586  149450
-474.021  149500
-474.479  149550
-474.96  149600
-475.464  149650
-475.99  149700
-476.538  149750
-477.107  149800
-477.697  149850
-478.306  149900
-478.935  149950
-479.582  150000
-480.247  150050
-480.929  150100
-481.627  150150
-482.339  150200
-483.066  150250
-483.805  150300
-484.557  150350
-485.319  150400
-486.091  150450
-486.871  150500
-487.659  150550
-488.453  150600
-489.253  150650
-490.056  150700
-490.862  150750
-491.669  150800
-492.477  150850
-493.284  150900
-494.089  150950
-494.891  151000
-495.688  151050
-496.479  151100
-497.264  151150
-498.04  151200
-498.808  151250
-499.565  151300
-500.311  151350
-501.045  151400
-501.766  151450
-502.472  151500
-503.163  151550
-503.839  151600
-504.497  151650
-505.138  151700
-505.76  151750
-506.363  151800
-506.946  151850
-507.509  151900
-508.05  151950
-508.571  152000
-509.069  152050
-509.545  152100
-509.998  152150
-510.428  152200
-510.836  152250
-511.219  152300
-511.58  152350
-511.917  152400
-512.23  152450
-512.521  152500
-512.788  152550
-513.032  152600
-513.253  152650
-513.452  152700
-513.629  152750
-513.784  152800
-513.918  152850
-514.031  152900
-514.125  152950
-514.199  153000
-514.254  153050
-514.291  153100
-514.311  153150
-514.315  153200
-514.278  153300
-514.238  153350
-514.185  153400
-514.121  153450
-514.047  153500
-513.963  153550
-513.87  153600
-513.77  153650
-513.664  153700
-513.553  153750
-513.438  153800
-513.32  153850
-513.201  153900
-513.082  153950
-512.963  154000
-512.846  154050
-512.733  154100
-512.624  154150
-512.52  154200
-512.423  154250
-512.334  154300
-512.253  154350
-512.183  154400
-512.124  154450
-512.076  154500
-512.042  154550
-512.021  154600
-512.015  154650
-512.026  154700
-512.052  154750
-512.096  154800
-512.158  154850
-512.239  154900
-512.339  154950
-512.46  155000
-512.601  155050
-512.763  155100
-512.946  155150
-513.152  155200
-513.379  155250
-513.629  155300
-513.902  155350
-514.197  155400
-514.515  155450
-514.856  155500
-515.22  155550
-515.606  155600
-516.015  155650
-516.447  155700
-516.9  155750
-517.375  155800
-517.871  155850
-518.388  155900
-518.925  155950
-519.482  156000
-520.058  156050
-520.652  156100
-521.264  156150
-521.893  156200
-522.538  156250
-523.198  156300
-523.873  156350
-524.561  156400
-525.261  156450
-525.973  156500
-526.695  156550
-527.426  156600
-528.166  156650
-528.913  156700
-529.666  156750
-530.423  156800
-531.185  156850
-531.948  156900
-532.714  156950
-533.479  157000
-534.243  157050
-535.006  157100
-535.764  157150
-536.519  157200
-537.268  157250
-538.009  157300
-538.743  157350
-539.468  157400
-540.183  157450
-540.887  157500
-541.579  157550
-542.257  157600
-542.921  157650
-543.571  157700
-544.204  157750
-544.821  157800
-545.42  157850
-546  157900
-546.562  157950
-547.104  158000
-547.625  158050
-548.126  158100
-548.605  158150
-549.063  158200
-549.498  158250
-549.91  158300
-550.299  158350
-550.666  158400
-551.008  158450
-551.328  158500
-551.624  158550
-551.896  158600
-552.145  158650
-552.37  158700
-552.572  158750
-552.751  158800
-552.908  158850
-553.042  158900
-553.154  158950
-553.244  159000
-553.313  159050
-553.362  159100
-553.391  159150
-553.401  159200
-553.365  159300
-553.321  159350
-553.261  159400
-553.186  159450
-553.096  159500
-552.992  159550
-552.876  159600
-552.749  159650
-552.611  159700
-552.463  159750
-552.307  159800
-552.144  159850
-551.975  159900
-551.8  159950
-551.622  160000
-551.44  160050
-551.257  160100
-551.074  160150
-550.891  160200
-550.71  160250
-550.533  160300
-550.359  160350
-550.19  160400
-550.028  160450
-549.873  160500
-549.726  160550
-549.589  160600
-549.462  160650
-549.347  160700
-549.244  160750
-549.155  160800
-549.08  160850
-549.02  160900
-548.976  160950
-548.948  161000
-548.938  161050
-548.945  161100
-548.971  161150
-549.017  161200
-549.082  161250
-549.167  161300
-549.272  161350
-549.399  161400
-549.546  161450
-549.715  161500
-549.905  161550
-550.117  161600
-550.351  161650
-550.606  161700
-550.883  161750
-551.181  161800
-551.5  161850
-551.841  161900
-552.202  161950
-552.584  162000
-552.985  162050
-553.406  162100
-553.846  162150
-554.304  162200
-554.779  162250
-555.272  162300
-555.781  162350
-556.306  162400
-556.845  162450
-557.398  162500
-557.965  162550
-558.543  162600
-559.132  162650
-559.731  162700
-560.34  162750
-560.956  162800
-561.579  162850
-562.209  162900
-562.842  162950
-563.48  163000
-564.12  163050
-564.761  163100
-565.403  163150
-566.043  163200
-566.682  163250
-567.317  163300
-567.948  163350
-568.573  163400
-569.192  163450
-569.803  163500
-570.405  163550
-570.997  163600
-571.579  163650
-572.148  163700
-572.704  163750
-573.247  163800
-573.775  163850
-574.287  163900
-574.782  163950
-575.26  164000
-575.72  164050
-576.162  164100
-576.583  164150
-576.985  164200
-577.366  164250
-577.725  164300
-578.063  164350
-578.379  164400
-578.672  164450
-578.942  164500
-579.189  164550
-579.413  164600
-579.614  164650
-579.791  164700
-579.944  164750
-580.074  164800
-580.18  164850
-580.263  164900
-580.323  164950
-580.36  165000
-580.374  165050
-580.336  165150
-580.284  165200
-580.212  165250
-580.12  165300
-580.007  165350
-579.876  165400
-579.726  165450
-579.559  165500
-579.375  165550
-579.175  165600
-578.96  165650
-578.731  165700
-578.488  165750
-578.233  165800
-577.967  165850
-577.69  165900
-577.404  165950
-577.11  166000
-576.809  166050
-576.502  166100
-576.19  166150
-575.874  166200
-575.556  166250
-575.236  166300
-574.915  166350
-574.595  166400
-574.278  166450
-573.963  166500
-573.652  166550
-573.346  166600
-573.047  166650
-572.755  166700
-572.471  166750
-572.197  166800
-571.933  166850
-571.681  166900
-571.44  166950
-571.213  167000
-570.999  167050
-570.801  167100
-570.617  167150
-570.451  167200
-570.301  167250
-570.168  167300
-570.054  167350
-569.958  167400
-569.882  167450
-569.825  167500
-569.788  167550
-569.771  167600
-569.775  167650
-569.799  167700
-569.844  167750
-569.911  167800
-569.998  167850
-570.106  167900
-570.234  167950
-570.384  168000
-570.554  168050
-570.744  168100
-570.953  168150
-571.183  168200
-571.431  168250
-571.698  168300
-571.983  168350
-572.285  168400
-572.604  168450
-572.939  168500
-573.29  168550
-573.655  168600
-574.034  168650
-574.425  168700
-574.829  168750
-575.244  168800
-575.669  168850
-576.103  168900
-576.545  168950
-576.994  169000
-577.449  169050
-577.909  169100
-578.373  169150
-578.84  169200
-579.308  169250
-579.776  169300
-580.244  169350
-580.71  169400
-581.173  169450
-581.633  169500
-582.086  169550
-582.534  169600
-582.974  169650
-583.406  169700
-583.828  169750
-584.24  169800
-584.64  169850
-585.028  169900
-585.402  169950
-585.762  170000
-586.106  170050
-586.434  170100
-586.745  170150
-587.039  170200
-587.314  170250
-587.569  170300
-587.805  170350
-588.021  170400
-588.215  170450
-588.388  170500
-588.539  170550
-588.668  170600
-588.774  170650
-588.858  170700
-588.918  170750
-588.955  170800
-588.968  170850
-588.924  170950
-588.867  171000
-588.787  171050
-588.683  171100
-588.557  171150
-588.407  171200
-588.236  171250
-588.042  171300
-587.827  171350
-587.591  171400
-587.335  171450
-587.058  171500
-586.762  171550
-586.448  171600
-586.116  171650
-585.766  171700
-585.4  171750
-585.019  171800
-584.623  171850
-584.214  171900
-583.792  171950
-583.358  172000
-582.913  172050
-582.459  172100
-581.996  172150
-581.525  172200
-581.048  172250
-580.565  172300
-580.078  172350
-579.588  172400
-579.096  172450
-578.603  172500
-578.11  172550
-577.619  172600
-577.13  172650
-576.644  172700
-576.163  172750
-575.688  172800
-575.22  172850
-574.759  172900
-574.308  172950
-573.866  173000
-573.435  173050
-573.016  173100
-572.609  173150
-572.216  173200
-571.837  173250
-571.474  173300
-571.126  173350
-570.795  173400
-570.481  173450
-570.185  173500
-569.907  173550
-569.649  173600
-569.409  173650
-569.189  173700
-568.989  173750
-568.81  173800
-568.651  173850
-568.513  173900
-568.396  173950
-568.299  174000
-568.224  174050
-568.169  174100
-568.135  174150
-568.122  174200
-568.128  174250
-568.155  174300
-568.201  174350
-568.267  174400
-568.351  174450
-568.453  174500
-568.573  174550
-568.711  174600
-568.864  174650
-569.033  174700
-569.217  174750
-569.415  174800
-569.627  174850
-569.851  174900
-570.086  174950
-570.332  175000
-570.587  175050
-570.851  175100
-571.122  175150
-571.4  175200
-571.683  175250
-571.971  175300
-572.262  175350
-572.554  175400
-572.848  175450
-573.142  175500
-573.434  175550
-573.724  175600
-574.01  175650
-574.292  175700
-574.568  175750
-574.837  175800
-575.098  175850
-575.35  175900
-575.592  175950
-575.823  176000
-576.042  176050
-576.247  176100
-576.439  176150
-576.616  176200
-576.777  176250
-576.922  176300
-577.049  176350
-577.158  176400
-577.248  176450
-577.319  176500
-577.37  176550
-577.4  176600
-577.409  176650
-577.361  176750
-577.304  176800
-577.224  176850
-577.121  176900
-576.996  176950
-576.847  177000
-576.674  177050
-576.479  177100
-576.259  177150
-576.017  177200
-575.752  177250
-575.464  177300
-575.153  177350
-574.82  177400
-574.465  177450
-574.089  177500
-573.692  177550
-573.274  177600
-572.836  177650
-572.379  177700
-571.903  177750
-571.41  177800
-570.899  177850
-570.372  177900
-569.83  177950
-569.273  178000
-568.702  178050
-568.119  178100
-567.524  178150
-566.918  178200
-566.302  178250
-565.678  178300
-565.046  178350
-564.408  178400
-563.764  178450
-563.116  178500
-562.465  178550
-561.812  178600
-561.158  178650
-560.504  178700
-559.852  178750
-559.202  178800
-558.557  178850
-557.915  178900
-557.28  178950
-556.652  179000
-556.032  179050
-555.42  179100
-554.819  179150
-554.229  179200
-553.651  179250
-553.086  179300
-552.535  179350
-551.999  179400
-551.478  179450
-550.973  179500
-550.485  179550
-550.015  179600
-549.563  179650
-549.13  179700
-548.717  179750
-548.323  179800
-547.949  179850
-547.596  179900
-547.264  179950
-546.953  180000
-546.663  180050
-546.395  180100
-546.148  180150
-545.923  180200
-545.719  180250
-545.536  180300
-545.375  180350
-545.235  180400
-545.115  180450
-545.015  180500
-544.936  180550
-544.876  180600
-544.834  180650
-544.811  180700
-544.806  180750
-544.818  180800
-544.847  180850
-544.89  180900
-544.949  180950
-545.022  181000
-545.108  181050
-545.206  181100
-545.315  181150
-545.434  181200
-545.563  181250
-545.7  181300
-545.844  181350
-545.994  181400
-546.149  181450
-546.308  181500
-546.47  181550
-546.633  181600
-546.797  181650
-546.96  181700
-547.121  181750
-547.279  181800
-547.433  181850
-547.582  181900
-547.724  181950
-547.859  182000
-547.986  182050
-548.103  182100
-548.209  182150
-548.304  182200
-548.386  182250
-548.454  182300
-548.508  182350
-548.547  182400
-548.569  182450
-548.575  182500
-548.532  182600
-548.482  182650
-548.412  182700
-548.322  182750
-548.211  182800
-548.079  182850
-547.925  182900
-547.749  182950
-547.55  183000
-547.329  183050
-547.085  183100
-546.818  183150
-546.527  183200
-546.214  183250
-545.877  183300
-545.518  183350
-545.136  183400
-544.731  183450
-544.304  183500
-543.854  183550
-543.383  183600
-542.891  183650
-542.378  183700
-541.845  183750
-541.292  183800
-540.72  183850
-540.13  183900
-539.522  183950
-538.897  184000
-538.257  184050
-537.601  184100
