0.0001 1
0.0021 0.999998
0.0041 0.999993
0.0061 0.999984
0.0081 0.999971
0.0101 0.999955
0.0121 0.999934
0.0141 0.99991
0.0161 0.999882
0.0181 0.99985
0.0201 0.999814
0.0221 0.999774
0.0241 0.99973
0.0261 0.999683
0.0281 0.999632
0.0301 0.999576
0.0321 0.999517
0.0341 0.999455
0.0361 0.999388
0.0381 0.999317
0.0401 0.999243
0.0421 0.999165
0.0441 0.999083
0.0461 0.998997
0.0481 0.998907
0.0501 0.998813
0.0521 0.998716
0.0541 0.998614
0.0561 0.998509
0.0581 0.9984
0.0601 0.998287
0.0621 0.99817
0.0641 0.99805
0.0661 0.997925
0.0681 0.997797
0.0701 0.997665
0.0721 0.997529
0.0741 0.997389
0.0761 0.997246
0.0781 0.997098
0.0801 0.996947
0.0821 0.996792
0.0841 0.996633
0.0861 0.99647
0.0881 0.996303
0.0901 0.996132
0.0921 0.995958
0.0941 0.99578
0.0961 0.995598
0.0981 0.995412
0.1001 0.995222
0.1021 0.995029
0.1041 0.994831
0.1061 0.99463
0.1081 0.994425
0.1101 0.994216
0.1121 0.994004
0.1141 0.993787
0.1161 0.993567
0.1181 0.993343
0.1201 0.993115
0.1221 0.992883
0.1241 0.992647
0.1261 0.992408
0.1281 0.992165
0.1301 0.991918
0.1321 0.991667
0.1341 0.991412
0.1361 0.991154
0.1381 0.990891
0.1401 0.990625
0.1421 0.990355
0.1441 0.990081
0.1461 0.989804
0.1481 0.989523
0.1501 0.989237
0.1521 0.988948
0.1541 0.988656
0.1561 0.988359
0.1581 0.988059
0.1601 0.987755
0.1621 0.987447
0.1641 0.987135
0.1661 0.986819
0.1681 0.9865
0.1701 0.986177
0.1721 0.98585
0.1741 0.985519
0.1761 0.985185
0.1781 0.984847
0.1801 0.984505
0.1821 0.984159
0.1841 0.983809
0.1861 0.983456
0.1881 0.983099
0.1901 0.982738
0.1921 0.982373
0.1941 0.982005
0.1961 0.981632
0.1981 0.981257
0.2001 0.980877
0.2021 0.980493
0.2041 0.980106
0.2061 0.979715
0.2081 0.97932
0.2101 0.978922
0.2121 0.978519
0.2141 0.978113
0.2161 0.977704
0.2181 0.97729
0.2201 0.976873
0.2221 0.976452
0.2241 0.976027
0.2261 0.975599
0.2281 0.975167
0.2301 0.974731
0.2321 0.974291
0.2341 0.973848
0.2361 0.9734
0.2381 0.97295
0.2401 0.972495
0.2421 0.972037
0.2441 0.971575
0.2461 0.971109
0.2481 0.97064
0.2501 0.970166
0.2521 0.96969
0.2541 0.969209
0.2561 0.968725
0.2581 0.968237
0.2601 0.967745
0.2621 0.96725
0.2641 0.966751
0.2661 0.966248
0.2681 0.965742
0.2701 0.965232
0.2721 0.964718
0.2741 0.9642
0.2761 0.963679
0.2781 0.963154
0.2801 0.962626
0.2821 0.962094
0.2841 0.961558
0.2861 0.961018
0.2881 0.960475
0.2901 0.959928
0.2921 0.959378
0.2941 0.958824
0.2961 0.958266
0.2981 0.957705
0.3001 0.957139
0.3021 0.956571
0.3041 0.955998
0.3061 0.955422
0.3081 0.954843
0.3101 0.95426
0.3121 0.953673
0.3141 0.953082
0.3161 0.952488
0.3181 0.95189
0.3201 0.951289
0.3221 0.950684
0.3241 0.950075
0.3261 0.949463
0.3281 0.948847
0.3301 0.948228
0.3321 0.947605
0.3341 0.946978
0.3361 0.946348
0.3381 0.945714
0.3401 0.945077
0.3421 0.944436
0.3441 0.943791
0.3461 0.943143
0.3481 0.942492
0.3501 0.941836
0.3521 0.941177
0.3541 0.940515
0.3561 0.939849
0.3581 0.93918
0.3601 0.938506
0.3621 0.93783
0.3641 0.93715
0.3661 0.936466
0.3681 0.935779
0.3701 0.935088
0.3721 0.934394
0.3741 0.933696
0.3761 0.932994
0.3781 0.93229
0.3801 0.931581
0.3821 0.930869
0.3841 0.930154
0.3861 0.929435
0.3881 0.928712
0.3901 0.927986
0.3921 0.927257
0.3941 0.926524
0.3961 0.925787
0.3981 0.925047
0.4001 0.924304
0.4021 0.923557
0.4041 0.922807
0.4061 0.922053
0.4081 0.921296
0.4101 0.920535
0.4121 0.919771
0.4141 0.919003
0.4161 0.918232
0.4181 0.917457
0.4201 0.916679
0.4221 0.915897
0.4241 0.915113
0.4261 0.914324
0.4281 0.913532
0.4301 0.912737
0.4321 0.911938
0.4341 0.911136
0.4361 0.910331
0.4381 0.909522
0.4401 0.90871
0.4421 0.907894
0.4441 0.907075
0.4461 0.906252
0.4481 0.905426
0.4501 0.904597
0.4521 0.903764
0.4541 0.902928
0.4561 0.902089
0.4581 0.901246
0.4601 0.9004
0.4621 0.89955
0.4641 0.898698
0.4661 0.897841
0.4681 0.896982
0.4701 0.896119
0.4721 0.895252
0.4741 0.894383
0.4761 0.89351
0.4781 0.892634
0.4801 0.891754
0.4821 0.890871
0.4841 0.889985
0.4861 0.889095
0.4881 0.888202
0.4901 0.887306
0.4921 0.886407
0.4941 0.885504
0.4961 0.884598
0.4981 0.883689
0.5001 0.882776
0.5021 0.88186
0.5041 0.880941
0.5061 0.880019
0.5081 0.879093
0.5101 0.878164
0.5121 0.877232
0.5141 0.876297
0.5161 0.875358
0.5181 0.874416
0.5201 0.873471
0.5221 0.872522
0.5241 0.871571
0.5261 0.870616
0.5281 0.869658
0.5301 0.868697
0.5321 0.867732
0.5341 0.866765
0.5361 0.865794
0.5381 0.86482
0.5401 0.863843
0.5421 0.862862
0.5441 0.861879
0.5461 0.860892
0.5481 0.859902
0.5501 0.858909
0.5521 0.857913
0.5541 0.856913
0.5561 0.855911
0.5581 0.854905
0.5601 0.853896
0.5621 0.852884
0.5641 0.851869
0.5661 0.850851
0.5681 0.84983
0.5701 0.848805
0.5721 0.847778
0.5741 0.846747
0.5761 0.845713
0.5781 0.844676
0.5801 0.843637
0.5821 0.842594
0.5841 0.841547
0.5861 0.840498
0.5881 0.839446
0.5901 0.838391
0.5921 0.837332
0.5941 0.836271
0.5961 0.835207
0.5981 0.834139
0.6001 0.833069
0.6021 0.831995
0.6041 0.830919
0.6061 0.829839
0.6081 0.828756
0.6101 0.827671
0.6121 0.826582
0.6141 0.825491
0.6161 0.824396
0.6181 0.823298
0.6201 0.822198
0.6221 0.821094
0.6241 0.819988
0.6261 0.818878
0.6281 0.817766
0.6301 0.816651
0.6321 0.815532
0.6341 0.814411
0.6361 0.813287
0.6381 0.81216
0.6401 0.811029
0.6421 0.809896
0.6441 0.808761
0.6461 0.807622
0.6481 0.80648
0.6501 0.805335
0.6521 0.804188
0.6541 0.803037
0.6561 0.801884
0.6581 0.800728
0.6601 0.799569
0.6621 0.798407
0.6641 0.797242
0.6661 0.796075
0.6681 0.794904
0.6701 0.793731
0.6721 0.792555
0.6741 0.791376
0.6761 0.790194
0.6781 0.789009
0.6801 0.787822
0.6821 0.786632
0.6841 0.785439
0.6861 0.784243
0.6881 0.783044
0.6901 0.781843
0.6921 0.780639
0.6941 0.779432
0.6961 0.778222
0.6981 0.77701
0.7001 0.775794
0.7021 0.774576
0.7041 0.773356
0.7061 0.772132
0.7081 0.770906
0.7101 0.769677
0.7121 0.768446
0.7141 0.767211
0.7161 0.765974
0.7181 0.764734
0.7201 0.763492
0.7221 0.762247
0.7241 0.760999
0.7261 0.759749
0.7281 0.758496
0.7301 0.75724
0.7321 0.755981
0.7341 0.75472
0.7361 0.753456
0.7381 0.75219
0.7401 0.750921
0.7421 0.749649
0.7441 0.748375
0.7461 0.747098
0.7481 0.745819
0.7501 0.744537
0.7521 0.743252
0.7541 0.741965
0.7561 0.740675
0.7581 0.739382
0.7601 0.738087
0.7621 0.73679
0.7641 0.73549
0.7661 0.734187
0.7681 0.732882
0.7701 0.731574
0.7721 0.730264
0.7741 0.728951
0.7761 0.727636
0.7781 0.726318
0.7801 0.724998
0.7821 0.723675
0.7841 0.72235
0.7861 0.721022
0.7881 0.719692
0.7901 0.718359
0.7921 0.717024
0.7941 0.715686
0.7961 0.714346
0.7981 0.713003
0.8001 0.711658
0.8021 0.710311
0.8041 0.708961
0.8061 0.707609
0.8081 0.706254
0.8101 0.704897
0.8121 0.703537
0.8141 0.702176
0.8161 0.700811
0.8181 0.699445
0.8201 0.698076
0.8221 0.696704
0.8241 0.695331
0.8261 0.693954
0.8281 0.692576
0.8301 0.691195
0.8321 0.689812
0.8341 0.688427
0.8361 0.687039
0.8381 0.685649
0.8401 0.684257
0.8421 0.682862
0.8441 0.681465
0.8461 0.680066
0.8481 0.678664
0.8501 0.67726
0.8521 0.675854
0.8541 0.674446
0.8561 0.673035
0.8581 0.671623
0.8601 0.670208
0.8621 0.66879
0.8641 0.667371
0.8661 0.665949
0.8681 0.664525
0.8701 0.663099
0.8721 0.661671
0.8741 0.66024
0.8761 0.658808
0.8781 0.657373
0.8801 0.655936
0.8821 0.654497
0.8841 0.653055
0.8861 0.651612
0.8881 0.650166
0.8901 0.648719
0.8921 0.647269
0.8941 0.645817
0.8961 0.644363
0.8981 0.642907
0.9001 0.641448
0.9021 0.639988
0.9041 0.638526
0.9061 0.637061
0.9081 0.635595
0.9101 0.634126
0.9121 0.632655
0.9141 0.631182
0.9161 0.629708
0.9181 0.628231
0.9201 0.626752
0.9221 0.625271
0.9241 0.623788
0.9261 0.622304
0.9281 0.620817
0.9301 0.619328
0.9321 0.617837
0.9341 0.616344
0.9361 0.61485
0.9381 0.613353
0.9401 0.611854
0.9421 0.610354
0.9441 0.608851
0.9461 0.607347
0.9481 0.60584
0.9501 0.604332
0.9521 0.602822
0.9541 0.60131
0.9561 0.599796
0.9581 0.59828
0.9601 0.596762
0.9621 0.595243
0.9641 0.593721
0.9661 0.592198
0.9681 0.590673
0.9701 0.589146
0.9721 0.587617
0.9741 0.586086
0.9761 0.584554
0.9781 0.58302
0.9801 0.581483
0.9821 0.579946
0.9841 0.578406
0.9861 0.576864
0.9881 0.575321
0.9901 0.573776
0.9921 0.57223
0.9941 0.570681
0.9961 0.569131
0.9981 0.567579
1.0001 0.566025
1.0021 0.56447
1.0041 0.562913
1.0061 0.561354
1.0081 0.559793
1.0101 0.558231
1.0121 0.556667
1.0141 0.555102
1.0161 0.553535
1.0181 0.551966
1.0201 0.550395
1.0221 0.548823
1.0241 0.547249
1.0261 0.545674
1.0281 0.544097
1.0301 0.542518
1.0321 0.540938
1.0341 0.539356
1.0361 0.537773
1.0381 0.536188
1.0401 0.534601
1.0421 0.533013
1.0441 0.531423
1.0461 0.529832
1.0481 0.528239
1.0501 0.526645
1.0521 0.525049
1.0541 0.523451
1.0561 0.521853
1.0581 0.520252
1.0601 0.51865
1.0621 0.517047
1.0641 0.515442
1.0661 0.513836
1.0681 0.512228
1.0701 0.510619
1.0721 0.509008
1.0741 0.507396
1.0761 0.505782
1.0781 0.504167
1.0801 0.502551
1.0821 0.500933
1.0841 0.499314
1.0861 0.497693
1.0881 0.496071
1.0901 0.494448
1.0921 0.492823
1.0941 0.491197
1.0961 0.48957
1.0981 0.487941
1.1001 0.486311
1.1021 0.484679
1.1041 0.483046
1.1061 0.481412
1.1081 0.479777
1.1101 0.47814
1.1121 0.476502
1.1141 0.474863
1.1161 0.473222
1.1181 0.471581
1.1201 0.469938
1.1221 0.468293
1.1241 0.466648
1.1261 0.465001
1.1281 0.463353
1.1301 0.461704
1.1321 0.460053
1.1341 0.458401
1.1361 0.456749
1.1381 0.455095
1.1401 0.453439
1.1421 0.451783
1.1441 0.450126
1.1461 0.448467
1.1481 0.446807
1.1501 0.445146
1.1521 0.443484
1.1541 0.441821
1.1561 0.440156
1.1581 0.438491
1.1601 0.436824
1.1621 0.435157
1.1641 0.433488
1.1661 0.431818
1.1681 0.430147
1.1701 0.428476
1.1721 0.426803
1.1741 0.425129
1.1761 0.423454
1.1781 0.421778
1.1801 0.420101
1.1821 0.418422
1.1841 0.416743
1.1861 0.415063
1.1881 0.413382
1.1901 0.4117
1.1921 0.410017
1.1941 0.408333
1.1961 0.406649
1.1981 0.404963
1.2001 0.403276
1.2021 0.401588
1.2041 0.3999
1.2061 0.39821
1.2081 0.39652
1.2101 0.394828
1.2121 0.393136
1.2141 0.391443
1.2161 0.389749
1.2181 0.388054
1.2201 0.386359
1.2221 0.384662
1.2241 0.382965
1.2261 0.381267
1.2281 0.379568
1.2301 0.377868
1.2321 0.376167
1.2341 0.374466
1.2361 0.372764
1.2381 0.371061
1.2401 0.369357
1.2421 0.367653
1.2441 0.365948
1.2461 0.364242
1.2481 0.362535
1.2501 0.360827
1.2521 0.359119
1.2541 0.35741
1.2561 0.355701
1.2581 0.353991
1.2601 0.35228
1.2621 0.350568
1.2641 0.348856
1.2661 0.347143
1.2681 0.345429
1.2701 0.343715
1.2721 0.342
1.2741 0.340284
1.2761 0.338568
1.2781 0.336851
1.2801 0.335134
1.2821 0.333416
1.2841 0.331698
1.2861 0.329978
1.2881 0.328259
1.2901 0.326538
1.2921 0.324818
1.2941 0.323096
1.2961 0.321374
1.2981 0.319652
1.3001 0.317929
1.3021 0.316206
1.3041 0.314482
1.3061 0.312757
1.3081 0.311032
1.3101 0.309307
1.3121 0.307581
1.3141 0.305854
1.3161 0.304128
1.3181 0.3024
1.3201 0.300673
1.3221 0.298945
1.3241 0.297216
1.3261 0.295487
1.3281 0.293758
1.3301 0.292028
1.3321 0.290298
1.3341 0.288567
1.3361 0.286836
1.3381 0.285105
1.3401 0.283373
1.3421 0.281641
1.3441 0.279909
1.3461 0.278176
1.3481 0.276444
1.3501 0.27471
1.3521 0.272977
1.3541 0.271243
1.3561 0.269509
1.3581 0.267774
1.3601 0.266039
1.3621 0.264305
1.3641 0.262569
1.3661 0.260834
1.3681 0.259098
1.3701 0.257362
1.3721 0.255626
1.3741 0.25389
1.3761 0.252153
1.3781 0.250416
1.3801 0.248679
1.3821 0.246942
1.3841 0.245205
1.3861 0.243467
1.3881 0.24173
1.3901 0.239992
1.3921 0.238254
1.3941 0.236516
1.3961 0.234778
1.3981 0.23304
1.4001 0.231301
1.4021 0.229563
1.4041 0.227824
1.4061 0.226086
1.4081 0.224347
1.4101 0.222608
1.4121 0.220869
1.4141 0.21913
1.4161 0.217392
1.4181 0.215653
1.4201 0.213914
1.4221 0.212175
1.4241 0.210436
1.4261 0.208697
1.4281 0.206958
1.4301 0.205219
1.4321 0.20348
1.4341 0.201741
1.4361 0.200002
1.4381 0.198264
1.4401 0.196525
1.4421 0.194786
1.4441 0.193048
1.4461 0.191309
1.4481 0.189571
1.4501 0.187833
1.4521 0.186094
1.4541 0.184356
1.4561 0.182619
1.4581 0.180881
1.4601 0.179143
1.4621 0.177406
1.4641 0.175668
1.4661 0.173931
1.4681 0.172194
1.4701 0.170458
1.4721 0.168721
1.4741 0.166985
1.4761 0.165249
1.4781 0.163513
1.4801 0.161777
1.4821 0.160042
1.4841 0.158306
1.4861 0.156571
1.4881 0.154837
1.4901 0.153102
1.4921 0.151368
1.4941 0.149634
1.4961 0.147901
1.4981 0.146167
1.5001 0.144434
1.5021 0.142702
1.5041 0.14097
1.5061 0.139238
1.5081 0.137506
1.5101 0.135775
1.5121 0.134044
1.5141 0.132313
1.5161 0.130583
1.5181 0.128853
1.5201 0.127124
1.5221 0.125395
1.5241 0.123666
1.5261 0.121938
1.5281 0.120211
1.5301 0.118483
1.5321 0.116756
1.5341 0.11503
1.5361 0.113304
1.5381 0.111579
1.5401 0.109854
1.5421 0.108129
1.5441 0.106405
1.5461 0.104682
1.5481 0.102959
1.5501 0.101236
1.5521 0.0995144
1.5541 0.097793
1.5561 0.0960721
1.5581 0.0943518
1.5601 0.092632
1.5621 0.0909128
1.5641 0.0891942
1.5661 0.0874762
1.5681 0.0857588
1.5701 0.0840419
1.5721 0.0823257
1.5741 0.0806101
1.5761 0.0788951
1.5781 0.0771807
1.5801 0.075467
1.5821 0.0737539
1.5841 0.0720415
1.5861 0.0703298
1.5881 0.0686187
1.5901 0.0669083
1.5921 0.0651986
1.5941 0.0634896
1.5961 0.0617812
1.5981 0.0600736
1.6001 0.0583668
1.6021 0.0566606
1.6041 0.0549552
1.6061 0.0532506
1.6081 0.0515467
1.6101 0.0498435
1.6121 0.0481411
1.6141 0.0464395
1.6161 0.0447387
1.6181 0.0430387
1.6201 0.0413395
1.6221 0.0396411
1.6241 0.0379435
1.6261 0.0362467
1.6281 0.0345508
1.6301 0.0328557
1.6321 0.0311615
1.6341 0.0294681
1.6361 0.0277756
1.6381 0.0260839
1.6401 0.0243932
1.6421 0.0227033
1.6441 0.0210143
1.6461 0.0193263
1.6481 0.0176391
1.6501 0.0159529
1.6521 0.0142676
1.6541 0.0125832
1.6561 0.0108998
1.6581 0.00921734
1.6601 0.00753584
1.6621 0.0058553
1.6641 0.00417575
1.6661 0.00249718
1.6681 0.000819599
1.6701 -0.000856977
1.6721 -0.00253254
1.6741 -0.0042071
1.6761 -0.00588062
1.6781 -0.00755312
1.6801 -0.00922457
1.6821 -0.010895
1.6841 -0.0125643
1.6861 -0.0142326
1.6881 -0.0158998
1.6901 -0.017566
1.6921 -0.019231
1.6941 -0.020895
1.6961 -0.0225578
1.6981 -0.0242195
1.7001 -0.0258802
1.7021 -0.0275397
1.7041 -0.029198
1.7061 -0.0308552
1.7081 -0.0325113
1.7101 -0.0341662
1.7121 -0.0358199
1.7141 -0.0374725
1.7161 -0.0391239
1.7181 -0.0407741
1.7201 -0.0424231
1.7221 -0.0440709
1.7241 -0.0457175
1.7261 -0.0473629
1.7281 -0.049007
1.7301 -0.0506499
1.7321 -0.0522916
1.7341 -0.053932
1.7361 -0.0555712
1.7381 -0.0572091
1.7401 -0.0588457
1.7421 -0.060481
1.7441 -0.0621151
1.7461 -0.0637478
1.7481 -0.0653793
1.7501 -0.0670094
1.7521 -0.0686382
1.7541 -0.0702657
1.7561 -0.0718919
1.7581 -0.0735167
1.7601 -0.0751402
1.7621 -0.0767623
1.7641 -0.0783831
1.7661 -0.0800024
1.7681 -0.0816204
1.7701 -0.083237
1.7721 -0.0848523
1.7741 -0.0864661
1.7761 -0.0880785
1.7781 -0.0896895
1.7801 -0.091299
1.7821 -0.0929071
1.7841 -0.0945138
1.7861 -0.0961191
1.7881 -0.0977229
1.7901 -0.0993252
1.7921 -0.100926
1.7941 -0.102525
1.7961 -0.104123
1.7981 -0.10572
1.8001 -0.107315
1.8021 -0.108908
1.8041 -0.1105
1.8061 -0.11209
1.8081 -0.113679
1.8101 -0.115266
1.8121 -0.116852
1.8141 -0.118436
1.8161 -0.120019
1.8181 -0.1216
1.8201 -0.12318
1.8221 -0.124758
1.8241 -0.126334
1.8261 -0.127909
1.8281 -0.129482
1.8301 -0.131053
1.8321 -0.132623
1.8341 -0.134192
1.8361 -0.135758
1.8381 -0.137323
1.8401 -0.138887
1.8421 -0.140448
1.8441 -0.142008
1.8461 -0.143567
1.8481 -0.145124
1.8501 -0.146679
1.8521 -0.148232
1.8541 -0.149784
1.8561 -0.151334
1.8581 -0.152882
1.8601 -0.154428
1.8621 -0.155973
1.8641 -0.157516
1.8661 -0.159058
1.8681 -0.160597
1.8701 -0.162135
1.8721 -0.163671
1.8741 -0.165205
1.8761 -0.166738
1.8781 -0.168269
1.8801 -0.169798
1.8821 -0.171325
1.8841 -0.17285
1.8861 -0.174374
1.8881 -0.175896
1.8901 -0.177416
1.8921 -0.178934
1.8941 -0.18045
1.8961 -0.181964
1.8981 -0.183477
1.9001 -0.184988
1.9021 -0.186496
1.9041 -0.188003
1.9061 -0.189509
1.9081 -0.191012
1.9101 -0.192513
1.9121 -0.194012
1.9141 -0.19551
1.9161 -0.197006
1.9181 -0.198499
1.9201 -0.199991
1.9221 -0.201481
1.9241 -0.202969
1.9261 -0.204455
1.9281 -0.205939
1.9301 -0.207421
1.9321 -0.208901
1.9341 -0.210379
1.9361 -0.211855
1.9381 -0.213329
1.9401 -0.214801
1.9421 -0.216271
1.9441 -0.217739
1.9461 -0.219205
1.9481 -0.220669
1.9501 -0.222132
1.9521 -0.223592
1.9541 -0.22505
1.9561 -0.226505
1.9581 -0.227959
1.9601 -0.229411
1.9621 -0.230861
1.9641 -0.232309
1.9661 -0.233754
1.9681 -0.235198
1.9701 -0.236639
1.9721 -0.238078
1.9741 -0.239516
1.9761 -0.240951
1.9781 -0.242384
1.9801 -0.243814
1.9821 -0.245243
1.9841 -0.24667
1.9861 -0.248094
1.9881 -0.249516
1.9901 -0.250937
1.9921 -0.252355
1.9941 -0.25377
1.9961 -0.255184
1.9981 -0.256595
2.0001 -0.258005
2.0021 -0.259412
2.0041 -0.260816
2.0061 -0.262219
2.0081 -0.26362
2.0101 -0.265018
2.0121 -0.266414
2.0141 -0.267807
2.0161 -0.269199
2.0181 -0.270588
2.0201 -0.271975
2.0221 -0.27336
2.0241 -0.274742
2.0261 -0.276122
2.0281 -0.2775
2.0301 -0.278876
2.0321 -0.280249
2.0341 -0.28162
2.0361 -0.282989
2.0381 -0.284356
2.0401 -0.28572
2.0421 -0.287082
2.0441 -0.288441
2.0461 -0.289798
2.0481 -0.291153
2.0501 -0.292505
2.0521 -0.293855
2.0541 -0.295203
2.0561 -0.296549
2.0581 -0.297892
2.0601 -0.299232
2.0621 -0.300571
2.0641 -0.301906
2.0661 -0.30324
2.0681 -0.304571
2.0701 -0.3059
2.0721 -0.307226
2.0741 -0.30855
2.0761 -0.309871
2.0781 -0.31119
2.0801 -0.312507
2.0821 -0.313821
2.0841 -0.315133
2.0861 -0.316442
2.0881 -0.317749
2.0901 -0.319053
2.0921 -0.320355
2.0941 -0.321654
2.0961 -0.322951
2.0981 -0.324245
2.1001 -0.325537
2.1021 -0.326827
2.1041 -0.328114
2.1061 -0.329398
2.1081 -0.33068
2.1101 -0.331959
2.1121 -0.333236
2.1141 -0.33451
2.1161 -0.335782
2.1181 -0.337051
2.1201 -0.338318
2.1221 -0.339582
2.1241 -0.340844
2.1261 -0.342103
2.1281 -0.343359
2.1301 -0.344613
2.1321 -0.345864
2.1341 -0.347113
2.1361 -0.348359
2.1381 -0.349603
2.1401 -0.350844
2.1421 -0.352082
2.1441 -0.353318
2.1461 -0.354551
2.1481 -0.355781
2.1501 -0.357009
2.1521 -0.358234
2.1541 -0.359457
2.1561 -0.360676
2.1581 -0.361894
2.1601 -0.363108
2.1621 -0.36432
2.1641 -0.365529
2.1661 -0.366736
2.1681 -0.36794
2.1701 -0.369141
2.1721 -0.37034
2.1741 -0.371535
2.1761 -0.372729
2.1781 -0.373919
2.1801 -0.375107
2.1821 -0.376292
2.1841 -0.377474
2.1861 -0.378654
2.1881 -0.37983
2.1901 -0.381005
2.1921 -0.382176
2.1941 -0.383345
2.1961 -0.38451
2.1981 -0.385674
2.2001 -0.386834
2.2021 -0.387992
2.2041 -0.389146
2.2061 -0.390298
2.2081 -0.391448
2.2101 -0.392594
2.2121 -0.393738
2.2141 -0.394879
2.2161 -0.396017
2.2181 -0.397152
2.2201 -0.398285
2.2221 -0.399414
2.2241 -0.400541
2.2261 -0.401665
2.2281 -0.402786
2.2301 -0.403905
2.2321 -0.40502
2.2341 -0.406133
2.2361 -0.407243
2.2381 -0.40835
2.2401 -0.409454
2.2421 -0.410555
2.2441 -0.411654
2.2461 -0.412749
2.2481 -0.413842
2.2501 -0.414932
2.2521 -0.416019
2.2541 -0.417103
2.2561 -0.418184
2.2581 -0.419262
2.2601 -0.420338
2.2621 -0.42141
2.2641 -0.42248
2.2661 -0.423546
2.2681 -0.42461
2.2701 -0.425671
2.2721 -0.426729
2.2741 -0.427783
2.2761 -0.428835
2.2781 -0.429884
2.2801 -0.430931
2.2821 -0.431974
2.2841 -0.433014
2.2861 -0.434051
2.2881 -0.435085
2.2901 -0.436117
2.2921 -0.437145
2.2941 -0.43817
2.2961 -0.439193
2.2981 -0.440212
2.3001 -0.441228
2.3021 -0.442242
2.3041 -0.443252
2.3061 -0.44426
2.3081 -0.445264
2.3101 -0.446265
2.3121 -0.447264
2.3141 -0.448259
2.3161 -0.449251
2.3181 -0.450241
2.3201 -0.451227
2.3221 -0.45221
2.3241 -0.45319
2.3261 -0.454168
2.3281 -0.455142
2.3301 -0.456113
2.3321 -0.457081
2.3341 -0.458046
2.3361 -0.459008
2.3381 -0.459966
2.3401 -0.460922
2.3421 -0.461875
2.3441 -0.462824
2.3461 -0.463771
2.3481 -0.464714
2.3501 -0.465655
2.3521 -0.466592
2.3541 -0.467526
2.3561 -0.468457
2.3581 -0.469385
2.3601 -0.47031
2.3621 -0.471232
2.3641 -0.47215
2.3661 -0.473066
2.3681 -0.473978
2.3701 -0.474887
2.3721 -0.475794
2.3741 -0.476697
2.3761 -0.477596
2.3781 -0.478493
2.3801 -0.479387
2.3821 -0.480277
2.3841 -0.481164
2.3861 -0.482049
2.3881 -0.48293
2.3901 -0.483807
2.3921 -0.484682
2.3941 -0.485553
2.3961 -0.486422
2.3981 -0.487287
2.4001 -0.488149
2.4021 -0.489008
2.4041 -0.489863
2.4061 -0.490716
2.4081 -0.491565
2.4101 -0.492411
2.4121 -0.493254
2.4141 -0.494093
2.4161 -0.49493
2.4181 -0.495763
2.4201 -0.496593
2.4221 -0.497419
2.4241 -0.498243
2.4261 -0.499063
2.4281 -0.49988
2.4301 -0.500694
2.4321 -0.501505
2.4341 -0.502312
2.4361 -0.503117
2.4381 -0.503918
2.4401 -0.504715
2.4421 -0.50551
2.4441 -0.506301
2.4461 -0.507089
2.4481 -0.507874
2.4501 -0.508655
2.4521 -0.509433
2.4541 -0.510208
2.4561 -0.51098
2.4581 -0.511748
2.4601 -0.512513
2.4621 -0.513275
2.4641 -0.514034
2.4661 -0.514789
2.4681 -0.515541
2.4701 -0.51629
2.4721 -0.517035
2.4741 -0.517777
2.4761 -0.518516
2.4781 -0.519252
2.4801 -0.519984
2.4821 -0.520713
2.4841 -0.521438
2.4861 -0.522161
2.4881 -0.52288
2.4901 -0.523596
2.4921 -0.524308
2.4941 -0.525017
2.4961 -0.525723
2.4981 -0.526425
2.5001 -0.527124
2.5021 -0.52782
2.5041 -0.528513
2.5061 -0.529202
2.5081 -0.529887
2.5101 -0.53057
2.5121 -0.531249
2.5141 -0.531925
2.5161 -0.532597
2.5181 -0.533266
2.5201 -0.533932
2.5221 -0.534594
2.5241 -0.535253
2.5261 -0.535909
2.5281 -0.536561
2.5301 -0.53721
2.5321 -0.537856
2.5341 -0.538498
2.5361 -0.539137
2.5381 -0.539773
2.5401 -0.540405
2.5421 -0.541033
2.5441 -0.541659
2.5461 -0.542281
2.5481 -0.542899
2.5501 -0.543515
2.5521 -0.544126
2.5541 -0.544735
2.5561 -0.54534
2.5581 -0.545942
2.5601 -0.54654
2.5621 -0.547135
2.5641 -0.547726
2.5661 -0.548314
2.5681 -0.548899
2.5701 -0.54948
2.5721 -0.550058
2.5741 -0.550633
2.5761 -0.551204
2.5781 -0.551772
2.5801 -0.552336
2.5821 -0.552897
2.5841 -0.553454
2.5861 -0.554008
2.5881 -0.554559
2.5901 -0.555106
2.5921 -0.55565
2.5941 -0.55619
2.5961 -0.556727
2.5981 -0.55726
2.6001 -0.55779
2.6021 -0.558317
2.6041 -0.55884
2.6061 -0.55936
2.6081 -0.559876
2.6101 -0.560389
2.6121 -0.560899
2.6141 -0.561405
2.6161 -0.561907
2.6181 -0.562407
2.6201 -0.562902
2.6221 -0.563395
2.6241 -0.563883
2.6261 -0.564369
2.6281 -0.564851
2.6301 -0.565329
2.6321 -0.565804
2.6341 -0.566276
2.6361 -0.566744
2.6381 -0.567209
2.6401 -0.56767
2.6421 -0.568127
2.6441 -0.568582
2.6461 -0.569033
2.6481 -0.56948
2.6501 -0.569924
2.6521 -0.570364
2.6541 -0.570801
2.6561 -0.571235
2.6581 -0.571665
2.6601 -0.572092
2.6621 -0.572515
2.6641 -0.572934
2.6661 -0.57335
2.6681 -0.573763
2.6701 -0.574172
2.6721 -0.574578
2.6741 -0.57498
2.6761 -0.575379
2.6781 -0.575775
2.6801 -0.576166
2.6821 -0.576555
2.6841 -0.57694
2.6861 -0.577321
2.6881 -0.577699
2.6901 -0.578074
2.6921 -0.578445
2.6941 -0.578812
2.6961 -0.579176
2.6981 -0.579537
2.7001 -0.579894
2.7021 -0.580247
2.7041 -0.580597
2.7061 -0.580944
2.7081 -0.581287
2.7101 -0.581627
2.7121 -0.581963
2.7141 -0.582295
2.7161 -0.582625
2.7181 -0.58295
2.7201 -0.583272
2.7221 -0.583591
2.7241 -0.583906
2.7261 -0.584218
2.7281 -0.584526
2.7301 -0.584831
2.7321 -0.585132
2.7341 -0.58543
2.7361 -0.585724
2.7381 -0.586015
2.7401 -0.586302
2.7421 -0.586586
2.7441 -0.586866
2.7461 -0.587143
2.7481 -0.587416
2.7501 -0.587686
2.7521 -0.587952
2.7541 -0.588215
2.7561 -0.588474
2.7581 -0.58873
2.7601 -0.588982
2.7621 -0.589231
2.7641 -0.589476
2.7661 -0.589718
2.7681 -0.589956
2.7701 -0.590191
2.7721 -0.590422
2.7741 -0.59065
2.7761 -0.590875
2.7781 -0.591095
2.7801 -0.591313
2.7821 -0.591527
2.7841 -0.591737
2.7861 -0.591944
2.7881 -0.592147
2.7901 -0.592347
2.7921 -0.592543
2.7941 -0.592736
2.7961 -0.592925
2.7981 -0.593111
2.8001 -0.593293
2.8021 -0.593472
2.8041 -0.593648
2.8061 -0.59382
2.8081 -0.593988
2.8101 -0.594153
2.8121 -0.594314
2.8141 -0.594472
2.8161 -0.594626
2.8181 -0.594777
2.8201 -0.594925
2.8221 -0.595069
2.8241 -0.595209
2.8261 -0.595346
2.8281 -0.595479
2.8301 -0.595609
2.8321 -0.595736
2.8341 -0.595859
2.8361 -0.595978
2.8381 -0.596094
2.8401 -0.596207
2.8421 -0.596316
2.8441 -0.596421
2.8461 -0.596523
2.8481 -0.596622
2.8501 -0.596717
2.8521 -0.596809
2.8541 -0.596897
2.8561 -0.596981
2.8581 -0.597063
2.8601 -0.59714
2.8621 -0.597214
2.8641 -0.597285
2.8661 -0.597352
2.8681 -0.597416
2.8701 -0.597476
2.8721 -0.597533
2.8741 -0.597586
2.8761 -0.597636
2.8781 -0.597683
2.8801 -0.597726
2.8821 -0.597765
2.8841 -0.597801
2.8861 -0.597833
2.8881 -0.597862
2.8901 -0.597888
2.8921 -0.59791
2.8941 -0.597929
2.8961 -0.597944
2.8981 -0.597956
2.9001 -0.597964
2.9021 -0.597969
2.9041 -0.59797
2.9061 -0.597968
2.9081 -0.597962
2.9101 -0.597953
2.9121 -0.597941
2.9141 -0.597925
2.9161 -0.597905
2.9181 -0.597883
2.9201 -0.597856
2.9221 -0.597826
2.9241 -0.597793
2.9261 -0.597757
2.9281 -0.597717
2.9301 -0.597673
2.9321 -0.597626
2.9341 -0.597576
2.9361 -0.597522
2.9381 -0.597464
2.9401 -0.597404
2.9421 -0.59734
2.9441 -0.597272
2.9461 -0.597201
2.9481 -0.597127
2.9501 -0.597049
2.9521 -0.596967
2.9541 -0.596883
2.9561 -0.596794
2.9581 -0.596703
2.9601 -0.596608
2.9621 -0.59651
2.9641 -0.596408
2.9661 -0.596302
2.9681 -0.596194
2.9701 -0.596082
2.9721 -0.595966
2.9741 -0.595847
2.9761 -0.595725
2.9781 -0.595599
2.9801 -0.59547
2.9821 -0.595338
2.9841 -0.595202
2.9861 -0.595063
2.9881 -0.59492
2.9901 -0.594774
2.9921 -0.594625
2.9941 -0.594472
2.9961 -0.594315
2.9981 -0.594156
3.0001 -0.593993
3.0021 -0.593827
3.0041 -0.593657
3.0061 -0.593484
3.0081 -0.593307
3.0101 -0.593127
3.0121 -0.592944
3.0141 -0.592757
3.0161 -0.592567
3.0181 -0.592374
3.0201 -0.592177
3.0221 -0.591977
3.0241 -0.591774
3.0261 -0.591567
3.0281 -0.591357
3.0301 -0.591144
3.0321 -0.590927
3.0341 -0.590707
3.0361 -0.590483
3.0381 -0.590256
3.0401 -0.590026
3.0421 -0.589792
3.0441 -0.589556
3.0461 -0.589315
3.0481 -0.589072
3.0501 -0.588825
3.0521 -0.588575
3.0541 -0.588321
3.0561 -0.588065
3.0581 -0.587804
3.0601 -0.587541
3.0621 -0.587274
3.0641 -0.587004
3.0661 -0.586731
3.0681 -0.586454
3.0701 -0.586174
3.0721 -0.585891
3.0741 -0.585604
3.0761 -0.585315
3.0781 -0.585021
3.0801 -0.584725
3.0821 -0.584425
3.0841 -0.584122
3.0861 -0.583816
3.0881 -0.583506
3.0901 -0.583194
3.0921 -0.582877
3.0941 -0.582558
3.0961 -0.582236
3.0981 -0.58191
3.1001 -0.58158
3.1021 -0.581248
3.1041 -0.580912
3.1061 -0.580573
3.1081 -0.580231
3.1101 -0.579886
3.1121 -0.579537
3.1141 -0.579185
3.1161 -0.57883
3.1181 -0.578472
3.1201 -0.57811
3.1221 -0.577745
3.1241 -0.577377
3.1261 -0.577006
3.1281 -0.576632
3.1301 -0.576254
3.1321 -0.575873
3.1341 -0.575489
3.1361 -0.575102
3.1381 -0.574711
3.1401 -0.574317
3.1421 -0.573921
3.1441 -0.57352
3.1461 -0.573117
3.1481 -0.572711
3.1501 -0.572301
3.1521 -0.571888
3.1541 -0.571472
3.1561 -0.571053
3.1581 -0.570631
3.1601 -0.570205
3.1621 -0.569776
3.1641 -0.569345
3.1661 -0.56891
3.1681 -0.568471
3.1701 -0.56803
3.1721 -0.567586
3.1741 -0.567138
3.1761 -0.566687
3.1781 -0.566234
3.1801 -0.565777
3.1821 -0.565316
3.1841 -0.564853
3.1861 -0.564387
3.1881 -0.563917
3.1901 -0.563445
3.1921 -0.562969
3.1941 -0.56249
3.1961 -0.562008
3.1981 -0.561523
3.2001 -0.561035
3.2021 -0.560544
3.2041 -0.56005
3.2061 -0.559552
3.2081 -0.559052
3.2101 -0.558548
3.2121 -0.558042
3.2141 -0.557532
3.2161 -0.557019
3.2181 -0.556504
3.2201 -0.555985
3.2221 -0.555463
3.2241 -0.554938
3.2261 -0.55441
3.2281 -0.553879
3.2301 -0.553345
3.2321 -0.552808
3.2341 -0.552267
3.2361 -0.551724
3.2381 -0.551178
3.2401 -0.550629
3.2421 -0.550077
3.2441 -0.549521
3.2461 -0.548963
3.2481 -0.548402
3.2501 -0.547838
3.2521 -0.54727
3.2541 -0.5467
3.2561 -0.546127
3.2581 -0.545551
3.2601 -0.544972
3.2621 -0.544389
3.2641 -0.543804
3.2661 -0.543216
3.2681 -0.542625
3.2701 -0.542031
3.2721 -0.541434
3.2741 -0.540834
3.2761 -0.540232
3.2781 -0.539626
3.2801 -0.539017
3.2821 -0.538405
3.2841 -0.537791
3.2861 -0.537173
3.2881 -0.536553
3.2901 -0.53593
3.2921 -0.535303
3.2941 -0.534674
3.2961 -0.534042
3.2981 -0.533407
3.3001 -0.532769
3.3021 -0.532129
3.3041 -0.531485
3.3061 -0.530839
3.3081 -0.530189
3.3101 -0.529537
3.3121 -0.528882
3.3141 -0.528224
3.3161 -0.527563
3.3181 -0.526899
3.3201 -0.526233
3.3221 -0.525564
3.3241 -0.524891
3.3261 -0.524216
3.3281 -0.523539
3.3301 -0.522858
3.3321 -0.522174
3.3341 -0.521488
3.3361 -0.520799
3.3381 -0.520107
3.3401 -0.519412
3.3421 -0.518715
3.3441 -0.518015
3.3461 -0.517311
3.3481 -0.516606
3.3501 -0.515897
3.3521 -0.515186
3.3541 -0.514471
3.3561 -0.513754
3.3581 -0.513035
3.3601 -0.512312
3.3621 -0.511587
3.3641 -0.510859
3.3661 -0.510128
3.3681 -0.509395
3.3701 -0.508659
3.3721 -0.50792
3.3741 -0.507178
3.3761 -0.506434
3.3781 -0.505687
3.3801 -0.504937
3.3821 -0.504185
3.3841 -0.50343
3.3861 -0.502672
3.3881 -0.501912
3.3901 -0.501149
3.3921 -0.500383
3.3941 -0.499614
3.3961 -0.498843
3.3981 -0.498069
3.4001 -0.497293
3.4021 -0.496514
3.4041 -0.495732
3.4061 -0.494948
3.4081 -0.494161
3.4101 -0.493371
3.4121 -0.492579
3.4141 -0.491784
3.4161 -0.490986
3.4181 -0.490186
3.4201 -0.489384
3.4221 -0.488578
3.4241 -0.48777
3.4261 -0.48696
3.4281 -0.486147
3.4301 -0.485331
3.4321 -0.484513
3.4341 -0.483692
3.4361 -0.482869
3.4381 -0.482043
3.4401 -0.481215
3.4421 -0.480384
3.4441 -0.47955
3.4461 -0.478714
3.4481 -0.477876
3.4501 -0.477035
3.4521 -0.476191
3.4541 -0.475345
3.4561 -0.474496
3.4581 -0.473645
3.4601 -0.472792
3.4621 -0.471936
3.4641 -0.471077
3.4661 -0.470216
3.4681 -0.469353
3.4701 -0.468487
3.4721 -0.467618
3.4741 -0.466747
3.4761 -0.465874
3.4781 -0.464998
3.4801 -0.46412
3.4821 -0.46324
3.4841 -0.462356
3.4861 -0.461471
3.4881 -0.460583
3.4901 -0.459693
3.4921 -0.4588
3.4941 -0.457905
3.4961 -0.457008
3.4981 -0.456108
3.5001 -0.455205
3.5021 -0.454301
3.5041 -0.453394
3.5061 -0.452484
3.5081 -0.451573
3.5101 -0.450659
3.5121 -0.449742
3.5141 -0.448823
3.5161 -0.447902
3.5181 -0.446979
3.5201 -0.446053
3.5221 -0.445125
3.5241 -0.444195
3.5261 -0.443262
3.5281 -0.442327
3.5301 -0.44139
3.5321 -0.44045
3.5341 -0.439509
3.5361 -0.438564
3.5381 -0.437618
3.5401 -0.436669
3.5421 -0.435719
3.5441 -0.434765
3.5461 -0.43381
3.5481 -0.432852
3.5501 -0.431892
3.5521 -0.43093
3.5541 -0.429966
3.5561 -0.429
3.5581 -0.428031
3.5601 -0.42706
3.5621 -0.426087
3.5641 -0.425111
3.5661 -0.424134
3.5681 -0.423154
3.5701 -0.422172
3.5721 -0.421188
3.5741 -0.420202
3.5761 -0.419214
3.5781 -0.418223
3.5801 -0.417231
3.5821 -0.416236
3.5841 -0.415239
3.5861 -0.41424
3.5881 -0.413239
3.5901 -0.412236
3.5921 -0.41123
3.5941 -0.410223
3.5961 -0.409213
3.5981 -0.408202
3.6001 -0.407188
3.6021 -0.406172
3.6041 -0.405154
3.6061 -0.404135
3.6081 -0.403113
3.6101 -0.402089
3.6121 -0.401063
3.6141 -0.400035
3.6161 -0.399004
3.6181 -0.397972
3.6201 -0.396938
3.6221 -0.395902
3.6241 -0.394864
3.6261 -0.393824
3.6281 -0.392782
3.6301 -0.391737
3.6321 -0.390691
3.6341 -0.389643
3.6361 -0.388593
3.6381 -0.387541
3.6401 -0.386487
3.6421 -0.385431
3.6441 -0.384374
3.6461 -0.383314
3.6481 -0.382252
3.6501 -0.381188
3.6521 -0.380123
3.6541 -0.379056
3.6561 -0.377986
3.6581 -0.376915
3.6601 -0.375842
3.6621 -0.374767
3.6641 -0.37369
3.6661 -0.372611
3.6681 -0.371531
3.6701 -0.370448
3.6721 -0.369364
3.6741 -0.368278
3.6761 -0.36719
3.6781 -0.3661
3.6801 -0.365008
3.6821 -0.363915
3.6841 -0.36282
3.6861 -0.361723
3.6881 -0.360624
3.6901 -0.359523
3.6921 -0.358421
3.6941 -0.357317
3.6961 -0.356211
3.6981 -0.355103
3.7001 -0.353994
3.7021 -0.352882
3.7041 -0.35177
3.7061 -0.350655
3.7081 -0.349538
3.7101 -0.34842
3.7121 -0.3473
3.7141 -0.346179
3.7161 -0.345056
3.7181 -0.343931
3.7201 -0.342804
3.7221 -0.341676
3.7241 -0.340546
3.7261 -0.339414
3.7281 -0.338281
3.7301 -0.337146
3.7321 -0.336009
3.7341 -0.334871
3.7361 -0.333731
3.7381 -0.33259
3.7401 -0.331447
3.7421 -0.330302
3.7441 -0.329156
3.7461 -0.328008
3.7481 -0.326858
3.7501 -0.325707
3.7521 -0.324555
3.7541 -0.3234
3.7561 -0.322245
3.7581 -0.321087
3.7601 -0.319928
3.7621 -0.318768
3.7641 -0.317606
3.7661 -0.316442
3.7681 -0.315277
3.7701 -0.314111
3.7721 -0.312943
3.7741 -0.311773
3.7761 -0.310602
3.7781 -0.30943
3.7801 -0.308256
3.7821 -0.30708
3.7841 -0.305903
3.7861 -0.304725
3.7881 -0.303545
3.7901 -0.302364
3.7921 -0.301181
3.7941 -0.299997
3.7961 -0.298811
3.7981 -0.297624
3.8001 -0.296436
3.8021 -0.295246
3.8041 -0.294055
3.8061 -0.292862
3.8081 -0.291668
3.8101 -0.290473
3.8121 -0.289276
3.8141 -0.288078
3.8161 -0.286879
3.8181 -0.285678
3.8201 -0.284476
3.8221 -0.283272
3.8241 -0.282068
3.8261 -0.280862
3.8281 -0.279654
3.8301 -0.278445
3.8321 -0.277235
3.8341 -0.276024
3.8361 -0.274812
3.8381 -0.273598
3.8401 -0.272383
3.8421 -0.271166
3.8441 -0.269949
3.8461 -0.26873
3.8481 -0.26751
3.8501 -0.266289
3.8521 -0.265066
3.8541 -0.263842
3.8561 -0.262617
3.8581 -0.261391
3.8601 -0.260164
3.8621 -0.258935
3.8641 -0.257706
3.8661 -0.256475
3.8681 -0.255243
3.8701 -0.25401
3.8721 -0.252775
3.8741 -0.25154
3.8761 -0.250303
3.8781 -0.249065
3.8801 -0.247826
3.8821 -0.246586
3.8841 -0.245345
3.8861 -0.244103
3.8881 -0.24286
3.8901 -0.241615
3.8921 -0.24037
3.8941 -0.239123
3.8961 -0.237876
3.8981 -0.236627
3.9001 -0.235378
3.9021 -0.234127
3.9041 -0.232875
3.9061 -0.231622
3.9081 -0.230368
3.9101 -0.229114
3.9121 -0.227858
3.9141 -0.226601
3.9161 -0.225343
3.9181 -0.224084
3.9201 -0.222825
3.9221 -0.221564
3.9241 -0.220302
3.9261 -0.21904
3.9281 -0.217776
3.9301 -0.216511
3.9321 -0.215246
3.9341 -0.21398
3.9361 -0.212712
3.9381 -0.211444
3.9401 -0.210175
3.9421 -0.208905
3.9441 -0.207634
3.9461 -0.206362
3.9481 -0.20509
3.9501 -0.203816
3.9521 -0.202542
3.9541 -0.201267
3.9561 -0.199991
3.9581 -0.198714
3.9601 -0.197436
3.9621 -0.196158
3.9641 -0.194878
3.9661 -0.193598
3.9681 -0.192317
3.9701 -0.191035
3.9721 -0.189753
3.9741 -0.18847
3.9761 -0.187186
3.9781 -0.185901
3.9801 -0.184615
3.9821 -0.183329
3.9841 -0.182042
3.9861 -0.180754
3.9881 -0.179466
3.9901 -0.178176
3.9921 -0.176887
3.9941 -0.175596
3.9961 -0.174305
3.9981 -0.173013
4.0001 -0.17172
4.0021 -0.170427
4.0041 -0.169133
4.0061 -0.167838
4.0081 -0.166543
4.0101 -0.165247
4.0121 -0.16395
4.0141 -0.162653
4.0161 -0.161355
4.0181 -0.160057
4.0201 -0.158758
4.0221 -0.157458
4.0241 -0.156158
4.0261 -0.154857
4.0281 -0.153556
4.0301 -0.152254
4.0321 -0.150951
4.0341 -0.149648
4.0361 -0.148345
4.0381 -0.147041
4.0401 -0.145736
4.0421 -0.144431
4.0441 -0.143125
4.0461 -0.141819
4.0481 -0.140512
4.0501 -0.139205
4.0521 -0.137898
4.0541 -0.136589
4.0561 -0.135281
4.0581 -0.133972
4.0601 -0.132662
4.0621 -0.131352
4.0641 -0.130042
4.0661 -0.128731
4.0681 -0.12742
4.0701 -0.126108
4.0721 -0.124796
4.0741 -0.123484
4.0761 -0.122171
4.0781 -0.120858
4.0801 -0.119544
4.0821 -0.11823
4.0841 -0.116916
4.0861 -0.115601
4.0881 -0.114286
4.0901 -0.112971
4.0921 -0.111655
4.0941 -0.110339
4.0961 -0.109023
4.0981 -0.107706
4.1001 -0.106389
4.1021 -0.105072
4.1041 -0.103754
4.1061 -0.102436
4.1081 -0.101118
4.1101 -0.0998
4.1121 -0.0984814
4.1141 -0.0971625
4.1161 -0.0958434
4.1181 -0.0945241
4.1201 -0.0932045
4.1221 -0.0918847
4.1241 -0.0905648
4.1261 -0.0892446
4.1281 -0.0879242
4.1301 -0.0866036
4.1321 -0.0852828
4.1341 -0.0839619
4.1361 -0.0826408
4.1381 -0.0813196
4.1401 -0.0799982
4.1421 -0.0786766
4.1441 -0.0773549
4.1461 -0.0760331
4.1481 -0.0747112
4.1501 -0.0733891
4.1521 -0.072067
4.1541 -0.0707447
4.1561 -0.0694224
4.1581 -0.0680999
4.1601 -0.0667774
4.1621 -0.0654549
4.1641 -0.0641322
4.1661 -0.0628096
4.1681 -0.0614868
4.1701 -0.0601641
4.1721 -0.0588413
4.1741 -0.0575184
4.1761 -0.0561956
4.1781 -0.0548728
4.1801 -0.0535499
4.1821 -0.0522271
4.1841 -0.0509042
4.1861 -0.0495814
4.1881 -0.0482587
4.1901 -0.0469359
4.1921 -0.0456132
4.1941 -0.0442906
4.1961 -0.042968
4.1981 -0.0416455
4.2001 -0.0403231
4.2021 -0.0390007
4.2041 -0.0376784
4.2061 -0.0363563
4.2081 -0.0350342
4.2101 -0.0337122
4.2121 -0.0323904
4.2141 -0.0310687
4.2161 -0.0297471
4.2181 -0.0284257
4.2201 -0.0271044
4.2221 -0.0257832
4.2241 -0.0244623
4.2261 -0.0231415
4.2281 -0.0218209
4.2301 -0.0205004
4.2321 -0.0191802
4.2341 -0.0178602
4.2361 -0.0165403
4.2381 -0.0152207
4.2401 -0.0139013
4.2421 -0.0125822
4.2441 -0.0112632
4.2461 -0.00994457
4.2481 -0.00862615
4.2501 -0.00730799
4.2521 -0.0059901
4.2541 -0.00467248
4.2561 -0.00335514
4.2581 -0.0020381
4.2601 -0.000721352
4.2621 0.000595091
4.2641 0.00191122
4.2661 0.00322703
4.2681 0.00454252
4.2701 0.00585766
4.2721 0.00717247
4.2741 0.00848693
4.2761 0.00980103
4.2781 0.0111148
4.2801 0.0124281
4.2821 0.0137411
4.2841 0.0150537
4.2861 0.0163659
4.2881 0.0176777
4.2901 0.0189891
4.2921 0.0203001
4.2941 0.0216107
4.2961 0.0229208
4.2981 0.0242305
4.3001 0.0255397
4.3021 0.0268485
4.3041 0.0281569
4.3061 0.0294648
4.3081 0.0307721
4.3101 0.0320791
4.3121 0.0333855
4.3141 0.0346914
4.3161 0.0359968
4.3181 0.0373018
4.3201 0.0386062
4.3221 0.03991
4.3241 0.0412134
4.3261 0.0425162
4.3281 0.0438184
4.3301 0.0451201
4.3321 0.0464213
4.3341 0.0477218
4.3361 0.0490218
4.3381 0.0503212
4.3401 0.05162
4.3421 0.0529183
4.3441 0.0542159
4.3461 0.0555129
4.3481 0.0568093
4.3501 0.058105
4.3521 0.0594002
4.3541 0.0606946
4.3561 0.0619885
4.3581 0.0632816
4.3601 0.0645742
4.3621 0.065866
4.3641 0.0671572
4.3661 0.0684477
4.3681 0.0697375
4.3701 0.0710266
4.3721 0.0723149
4.3741 0.0736026
4.3761 0.0748896
4.3781 0.0761758
4.3801 0.0774613
4.3821 0.0787461
4.3841 0.0800301
4.3861 0.0813133
4.3881 0.0825958
4.3901 0.0838775
4.3921 0.0851585
4.3941 0.0864386
4.3961 0.087718
4.3981 0.0889965
4.4001 0.0902743
4.4021 0.0915513
4.4041 0.0928274
4.4061 0.0941027
4.4081 0.0953772
4.4101 0.0966508
4.4121 0.0979236
4.4141 0.0991955
4.4161 0.100467
4.4181 0.101737
4.4201 0.103006
4.4221 0.104275
4.4241 0.105542
4.4261 0.106809
4.4281 0.108074
4.4301 0.109339
4.4321 0.110603
4.4341 0.111866
4.4361 0.113128
4.4381 0.114389
4.4401 0.11565
4.4421 0.116909
4.4441 0.118167
4.4461 0.119424
4.4481 0.120681
4.4501 0.121936
4.4521 0.12319
4.4541 0.124444
4.4561 0.125696
4.4581 0.126947
4.4601 0.128198
4.4621 0.129447
4.4641 0.130695
4.4661 0.131943
4.4681 0.133189
4.4701 0.134434
4.4721 0.135678
4.4741 0.136921
4.4761 0.138163
4.4781 0.139404
4.4801 0.140644
4.4821 0.141883
4.4841 0.14312
4.4861 0.144357
4.4881 0.145592
4.4901 0.146827
4.4921 0.14806
4.4941 0.149292
4.4961 0.150523
4.4981 0.151752
4.5001 0.152981
4.5021 0.154208
4.5041 0.155435
4.5061 0.15666
4.5081 0.157884
4.5101 0.159107
4.5121 0.160328
4.5141 0.161549
4.5161 0.162768
4.5181 0.163986
4.5201 0.165202
4.5221 0.166418
4.5241 0.167632
4.5261 0.168845
4.5281 0.170057
4.5301 0.171268
4.5321 0.172477
4.5341 0.173685
4.5361 0.174892
4.5381 0.176097
4.5401 0.177301
4.5421 0.178504
4.5441 0.179706
4.5461 0.180906
4.5481 0.182105
4.5501 0.183303
4.5521 0.184499
4.5541 0.185694
4.5561 0.186888
4.5581 0.18808
4.5601 0.189271
4.5621 0.190461
4.5641 0.191649
4.5661 0.192836
4.5681 0.194021
4.5701 0.195206
4.5721 0.196388
4.5741 0.19757
4.5761 0.19875
4.5781 0.199928
4.5801 0.201105
4.5821 0.202281
4.5841 0.203455
4.5861 0.204628
4.5881 0.2058
4.5901 0.20697
4.5921 0.208138
4.5941 0.209305
4.5961 0.210471
4.5981 0.211635
4.6001 0.212798
4.6021 0.213959
4.6041 0.215119
4.6061 0.216277
4.6081 0.217434
4.6101 0.218589
4.6121 0.219742
4.6141 0.220895
4.6161 0.222045
4.6181 0.223194
4.6201 0.224342
4.6221 0.225488
4.6241 0.226632
4.6261 0.227775
4.6281 0.228916
4.6301 0.230056
4.6321 0.231194
4.6341 0.232331
4.6361 0.233466
4.6381 0.234599
4.6401 0.235731
4.6421 0.236861
4.6441 0.23799
4.6461 0.239117
4.6481 0.240242
4.6501 0.241366
4.6521 0.242488
4.6541 0.243609
4.6561 0.244727
4.6581 0.245845
4.6601 0.24696
4.6621 0.248074
4.6641 0.249186
4.6661 0.250296
4.6681 0.251405
4.6701 0.252512
4.6721 0.253618
4.6741 0.254721
4.6761 0.255823
4.6781 0.256923
4.6801 0.258022
4.6821 0.259119
4.6841 0.260214
4.6861 0.261307
4.6881 0.262399
4.6901 0.263489
4.6921 0.264577
4.6941 0.265663
4.6961 0.266748
4.6981 0.26783
4.7001 0.268911
4.7021 0.269991
4.7041 0.271068
4.7061 0.272144
4.7081 0.273217
4.7101 0.274289
4.7121 0.27536
4.7141 0.276428
4.7161 0.277495
4.7181 0.278559
4.7201 0.279622
4.7221 0.280683
4.7241 0.281743
4.7261 0.2828
4.7281 0.283855
4.7301 0.284909
4.7321 0.285961
4.7341 0.287011
4.7361 0.288059
4.7381 0.289105
4.7401 0.290149
4.7421 0.291191
4.7441 0.292232
4.7461 0.29327
4.7481 0.294307
4.7501 0.295341
4.7521 0.296374
4.7541 0.297405
4.7561 0.298434
4.7581 0.299461
4.7601 0.300486
4.7621 0.301509
4.7641 0.30253
4.7661 0.303549
4.7681 0.304566
4.7701 0.305581
4.7721 0.306595
4.7741 0.307606
4.7761 0.308615
4.7781 0.309622
4.7801 0.310627
4.7821 0.311631
4.7841 0.312632
4.7861 0.313631
4.7881 0.314628
4.7901 0.315623
4.7921 0.316616
4.7941 0.317608
4.7961 0.318597
4.7981 0.319583
4.8001 0.320568
4.8021 0.321551
4.8041 0.322532
4.8061 0.323511
4.8081 0.324487
4.8101 0.325462
4.8121 0.326435
4.8141 0.327405
4.8161 0.328373
4.8181 0.329339
4.8201 0.330304
4.8221 0.331265
4.8241 0.332225
4.8261 0.333183
4.8281 0.334139
4.8301 0.335092
4.8321 0.336044
4.8341 0.336993
4.8361 0.33794
4.8381 0.338885
4.8401 0.339828
4.8421 0.340768
4.8441 0.341707
4.8461 0.342643
4.8481 0.343577
4.8501 0.344509
4.8521 0.345439
4.8541 0.346366
4.8561 0.347292
4.8581 0.348215
4.8601 0.349136
4.8621 0.350054
4.8641 0.350971
4.8661 0.351885
4.8681 0.352797
4.8701 0.353707
4.8721 0.354615
4.8741 0.35552
4.8761 0.356423
4.8781 0.357324
4.8801 0.358223
4.8821 0.359119
4.8841 0.360014
4.8861 0.360905
4.8881 0.361795
4.8901 0.362682
4.8921 0.363567
4.8941 0.36445
4.8961 0.365331
4.8981 0.366209
4.9001 0.367085
4.9021 0.367958
4.9041 0.36883
4.9061 0.369699
4.9081 0.370565
4.9101 0.37143
4.9121 0.372292
4.9141 0.373151
4.9161 0.374009
4.9181 0.374864
4.9201 0.375716
4.9221 0.376567
4.9241 0.377415
4.9261 0.37826
4.9281 0.379104
4.9301 0.379945
4.9321 0.380783
4.9341 0.381619
4.9361 0.382453
4.9381 0.383284
4.9401 0.384114
4.9421 0.38494
4.9441 0.385764
4.9461 0.386586
4.9481 0.387406
4.9501 0.388223
4.9521 0.389037
4.9541 0.38985
4.9561 0.390659
4.9581 0.391467
4.9601 0.392272
4.9621 0.393074
4.9641 0.393874
4.9661 0.394672
4.9681 0.395467
4.9701 0.39626
4.9721 0.39705
4.9741 0.397838
4.9761 0.398623
4.9781 0.399406
4.9801 0.400187
4.9821 0.400965
4.9841 0.40174
4.9861 0.402513
4.9881 0.403284
4.9901 0.404052
4.9921 0.404818
4.9941 0.405581
4.9961 0.406341
4.9981 0.407099
5.0001 0.407855
5.0021 0.408608
5.0041 0.409359
5.0061 0.410107
5.0081 0.410852
5.0101 0.411595
5.0121 0.412336
5.0141 0.413073
5.0161 0.413809
5.0181 0.414542
5.0201 0.415272
5.0221 0.416
5.0241 0.416725
5.0261 0.417448
5.0281 0.418168
5.0301 0.418885
5.0321 0.4196
5.0341 0.420313
5.0361 0.421023
5.0381 0.42173
5.0401 0.422434
5.0421 0.423137
5.0441 0.423836
5.0461 0.424533
5.0481 0.425227
5.0501 0.425919
5.0521 0.426608
5.0541 0.427295
5.0561 0.427979
5.0581 0.42866
5.0601 0.429339
5.0621 0.430015
5.0641 0.430688
5.0661 0.431359
5.0681 0.432027
5.0701 0.432693
5.0721 0.433356
5.0741 0.434016
5.0761 0.434674
5.0781 0.435329
5.0801 0.435981
5.0821 0.436631
5.0841 0.437278
5.0861 0.437922
5.0881 0.438564
5.0901 0.439203
5.0921 0.43984
5.0941 0.440474
5.0961 0.441105
5.0981 0.441733
5.1001 0.442359
5.1021 0.442982
5.1041 0.443602
5.1061 0.44422
5.1081 0.444835
5.1101 0.445447
5.1121 0.446057
5.1141 0.446664
5.1161 0.447268
5.1181 0.44787
5.1201 0.448468
5.1221 0.449065
5.1241 0.449658
5.1261 0.450249
5.1281 0.450837
5.1301 0.451422
5.1321 0.452004
5.1341 0.452584
5.1361 0.453161
5.1381 0.453735
5.1401 0.454307
5.1421 0.454876
5.1441 0.455442
5.1461 0.456005
5.1481 0.456566
5.1501 0.457124
5.1521 0.457679
5.1541 0.458231
5.1561 0.458781
5.1581 0.459328
5.1601 0.459872
5.1621 0.460413
5.1641 0.460952
5.1661 0.461487
5.1681 0.46202
5.1701 0.462551
5.1721 0.463078
5.1741 0.463603
5.1761 0.464125
5.1781 0.464644
5.1801 0.46516
5.1821 0.465674
5.1841 0.466184
5.1861 0.466692
5.1881 0.467197
5.1901 0.4677
5.1921 0.468199
5.1941 0.468696
5.1961 0.46919
5.1981 0.469681
5.2001 0.470169
5.2021 0.470655
5.2041 0.471138
5.2061 0.471617
5.2081 0.472095
5.2101 0.472569
5.2121 0.47304
5.2141 0.473509
5.2161 0.473974
5.2181 0.474437
5.2201 0.474898
5.2221 0.475355
5.2241 0.475809
5.2261 0.476261
5.2281 0.47671
5.2301 0.477155
5.2321 0.477598
5.2341 0.478039
5.2361 0.478476
5.2381 0.478911
5.2401 0.479342
5.2421 0.479771
5.2441 0.480197
5.2461 0.48062
5.2481 0.48104
5.2501 0.481458
5.2521 0.481872
5.2541 0.482284
5.2561 0.482693
5.2581 0.483098
5.2601 0.483502
5.2621 0.483902
5.2641 0.484299
5.2661 0.484693
5.2681 0.485085
5.2701 0.485474
5.2721 0.485859
5.2741 0.486242
5.2761 0.486622
5.2781 0.486999
5.2801 0.487374
5.2821 0.487745
5.2841 0.488113
5.2861 0.488479
5.2881 0.488842
5.2901 0.489201
5.2921 0.489558
5.2941 0.489912
5.2961 0.490263
5.2981 0.490611
5.3001 0.490957
5.3021 0.491299
5.3041 0.491639
5.3061 0.491975
5.3081 0.492309
5.3101 0.49264
5.3121 0.492967
5.3141 0.493292
5.3161 0.493614
5.3181 0.493933
5.3201 0.494249
5.3221 0.494563
5.3241 0.494873
5.3261 0.49518
5.3281 0.495485
5.3301 0.495787
5.3321 0.496085
5.3341 0.496381
5.3361 0.496674
5.3381 0.496964
5.3401 0.497251
5.3421 0.497535
5.3441 0.497816
5.3461 0.498094
5.3481 0.498369
5.3501 0.498641
5.3521 0.498911
5.3541 0.499177
5.3561 0.499441
5.3581 0.499701
5.3601 0.499959
5.3621 0.500213
5.3641 0.500465
5.3661 0.500714
5.3681 0.50096
5.3701 0.501203
5.3721 0.501443
5.3741 0.50168
5.3761 0.501914
5.3781 0.502145
5.3801 0.502373
5.3821 0.502598
5.3841 0.50282
5.3861 0.50304
5.3881 0.503256
5.3901 0.50347
5.3921 0.50368
5.3941 0.503888
5.3961 0.504092
5.3981 0.504294
5.4001 0.504492
5.4021 0.504688
5.4041 0.504881
5.4061 0.505071
5.4081 0.505258
5.4101 0.505441
5.4121 0.505622
5.4141 0.5058
5.4161 0.505975
5.4181 0.506147
5.4201 0.506317
5.4221 0.506483
5.4241 0.506646
5.4261 0.506806
5.4281 0.506963
5.4301 0.507118
5.4321 0.507269
5.4341 0.507417
5.4361 0.507563
5.4381 0.507705
5.4401 0.507845
5.4421 0.507981
5.4441 0.508115
5.4461 0.508246
5.4481 0.508373
5.4501 0.508498
5.4521 0.50862
5.4541 0.508738
5.4561 0.508854
5.4581 0.508967
5.4601 0.509077
5.4621 0.509184
5.4641 0.509288
5.4661 0.509389
5.4681 0.509487
5.4701 0.509582
5.4721 0.509674
5.4741 0.509763
5.4761 0.509849
5.4781 0.509932
5.4801 0.510013
5.4821 0.51009
5.4841 0.510164
5.4861 0.510235
5.4881 0.510304
5.4901 0.510369
5.4921 0.510432
5.4941 0.510491
5.4961 0.510548
5.4981 0.510601
5.5001 0.510652
5.5021 0.510699
5.5041 0.510744
5.5061 0.510786
5.5081 0.510825
5.5101 0.51086
5.5121 0.510893
5.5141 0.510923
5.5161 0.51095
5.5181 0.510974
5.5201 0.510995
5.5221 0.511013
5.5241 0.511028
5.5261 0.51104
5.5281 0.511049
5.5301 0.511055
5.5321 0.511059
5.5341 0.511059
5.5361 0.511056
5.5381 0.511051
5.5401 0.511042
5.5421 0.511031
5.5441 0.511016
5.5461 0.510999
5.5481 0.510978
5.5501 0.510955
5.5521 0.510929
5.5541 0.510899
5.5561 0.510867
5.5581 0.510832
5.5601 0.510794
5.5621 0.510753
5.5641 0.510709
5.5661 0.510662
5.5681 0.510612
5.5701 0.510559
5.5721 0.510504
5.5741 0.510445
5.5761 0.510383
5.5781 0.510319
5.5801 0.510251
5.5821 0.510181
5.5841 0.510107
5.5861 0.510031
5.5881 0.509952
5.5901 0.50987
5.5921 0.509785
5.5941 0.509696
5.5961 0.509606
5.5981 0.509512
5.6001 0.509415
5.6021 0.509315
5.6041 0.509212
5.6061 0.509107
5.6081 0.508998
5.6101 0.508887
5.6121 0.508772
5.6141 0.508655
5.6161 0.508535
5.6181 0.508411
5.6201 0.508285
5.6221 0.508156
5.6241 0.508024
5.6261 0.50789
5.6281 0.507752
5.6301 0.507611
5.6321 0.507468
5.6341 0.507321
5.6361 0.507172
5.6381 0.507019
5.6401 0.506864
5.6421 0.506706
5.6441 0.506545
5.6461 0.506381
5.6481 0.506214
5.6501 0.506045
5.6521 0.505872
5.6541 0.505697
5.6561 0.505518
5.6581 0.505337
5.6601 0.505153
5.6621 0.504966
5.6641 0.504776
5.6661 0.504583
5.6681 0.504387
5.6701 0.504189
5.6721 0.503987
5.6741 0.503783
5.6761 0.503576
5.6781 0.503366
5.6801 0.503153
5.6821 0.502937
5.6841 0.502718
5.6861 0.502496
5.6881 0.502272
5.6901 0.502045
5.6921 0.501814
5.6941 0.501581
5.6961 0.501345
5.6981 0.501107
5.7001 0.500865
5.7021 0.500621
5.7041 0.500373
5.7061 0.500123
5.7081 0.49987
5.7101 0.499614
5.7121 0.499356
5.7141 0.499094
5.7161 0.49883
5.7181 0.498562
5.7201 0.498292
5.7221 0.498019
5.7241 0.497744
5.7261 0.497465
5.7281 0.497184
5.7301 0.496899
5.7321 0.496612
5.7341 0.496323
5.7361 0.49603
5.7381 0.495734
5.7401 0.495436
5.7421 0.495135
5.7441 0.494831
5.7461 0.494524
5.7481 0.494215
5.7501 0.493902
5.7521 0.493587
5.7541 0.493269
5.7561 0.492948
5.7581 0.492625
5.7601 0.492299
5.7621 0.491969
5.7641 0.491637
5.7661 0.491303
5.7681 0.490965
5.7701 0.490625
5.7721 0.490282
5.7741 0.489936
5.7761 0.489588
5.7781 0.489236
5.7801 0.488882
5.7821 0.488525
5.7841 0.488165
5.7861 0.487803
5.7881 0.487438
5.7901 0.48707
5.7921 0.486699
5.7941 0.486326
5.7961 0.48595
5.7981 0.485571
5.8001 0.485189
5.8021 0.484805
5.8041 0.484417
5.8061 0.484028
5.8081 0.483635
5.8101 0.48324
5.8121 0.482841
5.8141 0.482441
5.8161 0.482037
5.8181 0.481631
5.8201 0.481222
5.8221 0.48081
5.8241 0.480396
5.8261 0.479979
5.8281 0.479559
5.8301 0.479137
5.8321 0.478711
5.8341 0.478283
5.8361 0.477853
5.8381 0.47742
5.8401 0.476984
5.8421 0.476545
5.8441 0.476104
5.8461 0.47566
5.8481 0.475213
5.8501 0.474764
5.8521 0.474312
5.8541 0.473857
5.8561 0.4734
5.8581 0.47294
5.8601 0.472477
5.8621 0.472012
5.8641 0.471544
5.8661 0.471073
5.8681 0.4706
5.8701 0.470124
5.8721 0.469646
5.8741 0.469164
5.8761 0.468681
5.8781 0.468194
5.8801 0.467705
5.8821 0.467214
5.8841 0.466719
5.8861 0.466222
5.8881 0.465723
5.8901 0.465221
5.8921 0.464716
5.8941 0.464209
5.8961 0.463699
5.8981 0.463186
5.9001 0.462671
5.9021 0.462153
5.9041 0.461633
5.9061 0.46111
5.9081 0.460585
5.9101 0.460057
5.9121 0.459526
5.9141 0.458993
5.9161 0.458457
5.9181 0.457919
5.9201 0.457378
5.9221 0.456835
5.9241 0.456289
5.9261 0.455741
5.9281 0.455189
5.9301 0.454636
5.9321 0.45408
5.9341 0.453521
5.9361 0.45296
5.9381 0.452396
5.9401 0.45183
5.9421 0.451261
5.9441 0.45069
5.9461 0.450116
5.9481 0.44954
5.9501 0.448961
5.9521 0.44838
5.9541 0.447796
5.9561 0.44721
5.9581 0.446621
5.9601 0.44603
5.9621 0.445437
5.9641 0.44484
5.9661 0.444242
5.9681 0.443641
5.9701 0.443037
5.9721 0.442431
5.9741 0.441823
5.9761 0.441212
5.9781 0.440598
5.9801 0.439982
5.9821 0.439364
5.9841 0.438743
5.9861 0.43812
5.9881 0.437495
5.9901 0.436867
5.9921 0.436236
5.9941 0.435603
5.9961 0.434968
5.9981 0.43433
6.0001 0.43369
6.0021 0.433048
6.0041 0.432403
6.0061 0.431756
6.0081 0.431106
6.0101 0.430454
6.0121 0.4298
6.0141 0.429143
6.0161 0.428484
6.0181 0.427822
6.0201 0.427158
6.0221 0.426492
6.0241 0.425823
6.0261 0.425152
6.0281 0.424479
6.0301 0.423803
6.0321 0.423125
6.0341 0.422445
6.0361 0.421762
6.0381 0.421077
6.0401 0.42039
6.0421 0.419701
6.0441 0.419009
6.0461 0.418314
6.0481 0.417618
6.0501 0.416919
6.0521 0.416218
6.0541 0.415514
6.0561 0.414809
6.0581 0.414101
6.0601 0.41339
6.0621 0.412678
6.0641 0.411963
6.0661 0.411246
6.0681 0.410527
6.0701 0.409805
6.0721 0.409081
6.0741 0.408355
6.0761 0.407627
6.0781 0.406896
6.0801 0.406163
6.0821 0.405428
6.0841 0.404691
6.0861 0.403951
6.0881 0.40321
6.0901 0.402466
6.0921 0.40172
6.0941 0.400971
6.0961 0.400221
6.0981 0.399468
6.1001 0.398713
6.1021 0.397956
6.1041 0.397197
6.1061 0.396436
6.1081 0.395672
6.1101 0.394906
6.1121 0.394138
6.1141 0.393368
6.1161 0.392596
6.1181 0.391822
6.1201 0.391045
6.1221 0.390267
6.1241 0.389486
6.1261 0.388703
6.1281 0.387918
6.1301 0.387131
6.1321 0.386342
6.1341 0.38555
6.1361 0.384757
6.1381 0.383961
6.1401 0.383164
6.1421 0.382364
6.1441 0.381562
6.1461 0.380758
6.1481 0.379952
6.1501 0.379144
6.1521 0.378334
6.1541 0.377522
6.1561 0.376708
6.1581 0.375892
6.1601 0.375074
6.1621 0.374253
6.1641 0.373431
6.1661 0.372607
6.1681 0.37178
6.1701 0.370952
6.1721 0.370122
6.1741 0.369289
6.1761 0.368455
6.1781 0.367618
6.1801 0.36678
6.1821 0.36594
6.1841 0.365097
6.1861 0.364253
6.1881 0.363407
6.1901 0.362558
6.1921 0.361708
6.1941 0.360856
6.1961 0.360002
6.1981 0.359146
6.2001 0.358288
6.2021 0.357428
6.2041 0.356566
6.2061 0.355702
6.2081 0.354837
6.2101 0.353969
6.2121 0.353099
6.2141 0.352228
6.2161 0.351355
6.2181 0.350479
6.2201 0.349602
6.2221 0.348723
6.2241 0.347842
6.2261 0.34696
6.2281 0.346075
6.2301 0.345189
6.2321 0.3443
6.2341 0.34341
6.2361 0.342518
6.2381 0.341624
6.2401 0.340729
6.2421 0.339831
6.2441 0.338932
6.2461 0.338031
6.2481 0.337128
6.2501 0.336223
6.2521 0.335317
6.2541 0.334408
6.2561 0.333498
6.2581 0.332586
6.2601 0.331672
6.2621 0.330757
6.2641 0.32984
6.2661 0.328921
6.2681 0.328
6.2701 0.327078
6.2721 0.326153
6.2741 0.325227
6.2761 0.3243
6.2781 0.32337
6.2801 0.322439
6.2821 0.321506
6.2841 0.320572
6.2861 0.319635
6.2881 0.318697
6.2901 0.317758
6.2921 0.316816
6.2941 0.315873
6.2961 0.314928
6.2981 0.313982
6.3001 0.313034
6.3021 0.312084
6.3041 0.311133
6.3061 0.31018
6.3081 0.309225
6.3101 0.308269
6.3121 0.307311
6.3141 0.306351
6.3161 0.30539
6.3181 0.304427
6.3201 0.303463
6.3221 0.302497
6.3241 0.301529
6.3261 0.30056
6.3281 0.299589
6.3301 0.298617
6.3321 0.297643
6.3341 0.296668
6.3361 0.29569
6.3381 0.294712
6.3401 0.293732
6.3421 0.29275
6.3441 0.291767
6.3461 0.290782
6.3481 0.289796
6.3501 0.288808
6.3521 0.287818
6.3541 0.286828
6.3561 0.285835
6.3581 0.284841
6.3601 0.283846
6.3621 0.282849
6.3641 0.281851
6.3661 0.280851
6.3681 0.27985
6.3701 0.278847
6.3721 0.277843
6.3741 0.276837
6.3761 0.27583
6.3781 0.274822
6.3801 0.273812
6.3821 0.272801
6.3841 0.271788
6.3861 0.270774
6.3881 0.269758
6.3901 0.268741
6.3921 0.267723
6.3941 0.266703
6.3961 0.265682
6.3981 0.264659
6.4001 0.263635
6.4021 0.26261
6.4041 0.261583
6.4061 0.260556
6.4081 0.259526
6.4101 0.258496
6.4121 0.257464
6.4141 0.25643
6.4161 0.255396
6.4181 0.25436
6.4201 0.253322
6.4221 0.252284
6.4241 0.251244
6.4261 0.250203
6.4281 0.24916
6.4301 0.248117
6.4321 0.247072
6.4341 0.246025
6.4361 0.244978
6.4381 0.243929
6.4401 0.242879
6.4421 0.241828
6.4441 0.240775
6.4461 0.239721
6.4481 0.238666
6.4501 0.23761
6.4521 0.236553
6.4541 0.235494
6.4561 0.234435
6.4581 0.233374
6.4601 0.232311
6.4621 0.231248
6.4641 0.230184
6.4661 0.229118
6.4681 0.228051
6.4701 0.226983
6.4721 0.225914
6.4741 0.224844
6.4761 0.223772
6.4781 0.2227
6.4801 0.221626
6.4821 0.220551
6.4841 0.219475
6.4861 0.218398
6.4881 0.21732
6.4901 0.216241
6.4921 0.215161
6.4941 0.214079
6.4961 0.212997
6.4981 0.211914
6.5001 0.210829
6.5021 0.209743
6.5041 0.208657
6.5061 0.207569
6.5081 0.20648
6.5101 0.205391
6.5121 0.2043
6.5141 0.203208
6.5161 0.202115
6.5181 0.201022
6.5201 0.199927
6.5221 0.198831
6.5241 0.197734
6.5261 0.196637
6.5281 0.195538
6.5301 0.194438
6.5321 0.193338
6.5341 0.192236
6.5361 0.191134
6.5381 0.19003
6.5401 0.188926
6.5421 0.187821
6.5441 0.186714
6.5461 0.185607
6.5481 0.184499
6.5501 0.18339
6.5521 0.18228
6.5541 0.18117
6.5561 0.180058
6.5581 0.178946
6.5601 0.177832
6.5621 0.176718
6.5641 0.175603
6.5661 0.174487
6.5681 0.173371
6.5701 0.172253
6.5721 0.171135
6.5741 0.170016
6.5761 0.168896
6.5781 0.167775
6.5801 0.166653
6.5821 0.165531
6.5841 0.164408
6.5861 0.163284
6.5881 0.162159
6.5901 0.161033
6.5921 0.159907
6.5941 0.15878
6.5961 0.157652
6.5981 0.156524
6.6001 0.155395
6.6021 0.154265
6.6041 0.153134
6.6061 0.152003
6.6081 0.15087
6.6101 0.149738
6.6121 0.148604
6.6141 0.14747
6.6161 0.146335
6.6181 0.1452
6.6201 0.144063
6.6221 0.142926
6.6241 0.141789
6.6261 0.140651
6.6281 0.139512
6.6301 0.138372
6.6321 0.137232
6.6341 0.136092
6.6361 0.13495
6.6381 0.133808
6.6401 0.132666
6.6421 0.131523
6.6441 0.130379
6.6461 0.129235
6.6481 0.12809
6.6501 0.126944
6.6521 0.125798
6.6541 0.124652
6.6561 0.123505
6.6581 0.122357
6.6601 0.121209
6.6621 0.12006
6.6641 0.118911
6.6661 0.117761
6.6681 0.116611
6.6701 0.11546
6.6721 0.114309
6.6741 0.113157
6.6761 0.112005
6.6781 0.110852
6.6801 0.109699
6.6821 0.108545
6.6841 0.107391
6.6861 0.106237
6.6881 0.105082
6.6901 0.103926
6.6921 0.102771
6.6941 0.101614
6.6961 0.100458
6.6981 0.0993006
6.7001 0.0981431
6.7021 0.0969852
6.7041 0.095827
6.7061 0.0946683
6.7081 0.0935093
6.7101 0.0923499
6.7121 0.0911901
6.7141 0.09003
6.7161 0.0888696
6.7181 0.0877088
6.7201 0.0865477
6.7221 0.0853862
6.7241 0.0842244
6.7261 0.0830623
6.7281 0.0818999
6.7301 0.0807372
6.7321 0.0795742
6.7341 0.0784109
6.7361 0.0772474
6.7381 0.0760835
6.7401 0.0749194
6.7421 0.0737551
6.7441 0.0725904
6.7461 0.0714256
6.7481 0.0702605
6.7501 0.0690951
6.7521 0.0679296
6.7541 0.0667638
6.7561 0.0655978
6.7581 0.0644316
6.7601 0.0632652
6.7621 0.0620986
6.7641 0.0609318
6.7661 0.0597648
6.7681 0.0585977
6.7701 0.0574303
6.7721 0.0562629
6.7741 0.0550953
6.7761 0.0539275
6.7781 0.0527596
6.7801 0.0515915
6.7821 0.0504234
6.7841 0.0492551
6.7861 0.0480867
6.7881 0.0469182
6.7901 0.0457496
6.7921 0.0445809
6.7941 0.0434121
6.7961 0.0422433
6.7981 0.0410743
6.8001 0.0399053
6.8021 0.0387363
6.8041 0.0375672
6.8061 0.036398
6.8081 0.0352288
6.8101 0.0340596
6.8121 0.0328904
6.8141 0.0317211
6.8161 0.0305518
6.8181 0.0293825
6.8201 0.0282132
6.8221 0.027044
6.8241 0.0258747
6.8261 0.0247055
6.8281 0.0235363
6.8301 0.0223671
6.8321 0.021198
6.8341 0.0200289
6.8361 0.0188598
6.8381 0.0176909
6.8401 0.016522
6.8421 0.0153532
6.8441 0.0141844
6.8461 0.0130158
6.8481 0.0118472
6.8501 0.0106787
6.8521 0.0095104
6.8541 0.00834217
6.8561 0.00717406
6.8581 0.00600608
6.8601 0.00483824
6.8621 0.00367054
6.8641 0.00250299
6.8661 0.00133559
6.8681 0.000168354
6.8701 -0.000998711
6.8721 -0.0021656
6.8741 -0.00333231
6.8761 -0.00449883
6.8781 -0.00566515
6.8801 -0.00683127
6.8821 -0.00799718
6.8841 -0.00916288
6.8861 -0.0103284
6.8881 -0.0114936
6.8901 -0.0126586
6.8921 -0.0138234
6.8941 -0.0149879
6.8961 -0.0161522
6.8981 -0.0173162
6.9001 -0.0184799
6.9021 -0.0196433
6.9041 -0.0208065
6.9061 -0.0219694
6.9081 -0.023132
6.9101 -0.0242943
6.9121 -0.0254562
6.9141 -0.0266179
6.9161 -0.0277793
6.9181 -0.0289403
6.9201 -0.0301009
6.9221 -0.0312613
6.9241 -0.0324213
6.9261 -0.0335809
6.9281 -0.0347402
6.9301 -0.0358991
6.9321 -0.0370576
6.9341 -0.0382157
6.9361 -0.0393735
6.9381 -0.0405309
6.9401 -0.0416878
6.9421 -0.0428444
6.9441 -0.0440005
6.9461 -0.0451562
6.9481 -0.0463115
6.9501 -0.0474664
6.9521 -0.0486208
6.9541 -0.0497748
6.9561 -0.0509283
6.9581 -0.0520814
6.9601 -0.0532339
6.9621 -0.0543861
6.9641 -0.0555377
6.9661 -0.0566888
6.9681 -0.0578395
6.9701 -0.0589897
6.9721 -0.0601393
6.9741 -0.0612884
6.9761 -0.0624371
6.9781 -0.0635852
6.9801 -0.0647327
6.9821 -0.0658797
6.9841 -0.0670262
6.9861 -0.0681721
6.9881 -0.0693175
6.9901 -0.0704623
6.9921 -0.0716065
6.9941 -0.0727502
6.9961 -0.0738933
6.9981 -0.0750357
7.0001 -0.0761776
7.0021 -0.0773189
7.0041 -0.0784596
7.0061 -0.0795996
7.0081 -0.080739
7.0101 -0.0818778
7.0121 -0.083016
7.0141 -0.0841535
7.0161 -0.0852904
7.0181 -0.0864266
7.0201 -0.0875622
7.0221 -0.088697
7.0241 -0.0898313
7.0261 -0.0909648
7.0281 -0.0920976
7.0301 -0.0932298
7.0321 -0.0943612
7.0341 -0.095492
7.0361 -0.096622
7.0381 -0.0977513
7.0401 -0.0988799
7.0421 -0.100008
7.0441 -0.101135
7.0461 -0.102261
7.0481 -0.103387
7.0501 -0.104512
7.0521 -0.105636
7.0541 -0.106759
7.0561 -0.107882
7.0581 -0.109003
7.0601 -0.110124
7.0621 -0.111245
7.0641 -0.112364
7.0661 -0.113483
7.0681 -0.1146
7.0701 -0.115717
7.0721 -0.116833
7.0741 -0.117949
7.0761 -0.119063
7.0781 -0.120177
7.0801 -0.121289
7.0821 -0.122401
7.0841 -0.123512
7.0861 -0.124622
7.0881 -0.125732
7.0901 -0.12684
7.0921 -0.127948
7.0941 -0.129054
7.0961 -0.13016
7.0981 -0.131265
7.1001 -0.132369
7.1021 -0.133471
7.1041 -0.134573
7.1061 -0.135675
7.1081 -0.136775
7.1101 -0.137874
7.1121 -0.138972
7.1141 -0.140069
7.1161 -0.141166
7.1181 -0.142261
7.1201 -0.143356
7.1221 -0.144449
7.1241 -0.145541
7.1261 -0.146633
7.1281 -0.147723
7.1301 -0.148813
7.1321 -0.149901
7.1341 -0.150988
7.1361 -0.152075
7.1381 -0.15316
7.1401 -0.154244
7.1421 -0.155328
7.1441 -0.15641
7.1461 -0.157491
7.1481 -0.158571
7.1501 -0.15965
7.1521 -0.160728
7.1541 -0.161805
7.1561 -0.162881
7.1581 -0.163955
7.1601 -0.165029
7.1621 -0.166101
7.1641 -0.167173
7.1661 -0.168243
7.1681 -0.169312
7.1701 -0.17038
7.1721 -0.171447
7.1741 -0.172512
7.1761 -0.173577
7.1781 -0.17464
7.1801 -0.175703
7.1821 -0.176764
7.1841 -0.177824
7.1861 -0.178882
7.1881 -0.17994
7.1901 -0.180996
7.1921 -0.182052
7.1941 -0.183106
7.1961 -0.184158
7.1981 -0.18521
7.2001 -0.18626
7.2021 -0.187309
7.2041 -0.188357
7.2061 -0.189404
7.2081 -0.190449
7.2101 -0.191494
7.2121 -0.192537
7.2141 -0.193578
7.2161 -0.194619
7.2181 -0.195658
7.2201 -0.196696
7.2221 -0.197732
7.2241 -0.198767
7.2261 -0.199801
7.2281 -0.200834
7.2301 -0.201866
7.2321 -0.202896
7.2341 -0.203924
7.2361 -0.204952
7.2381 -0.205978
7.2401 -0.207003
7.2421 -0.208026
7.2441 -0.209048
7.2461 -0.210069
7.2481 -0.211089
7.2501 -0.212107
7.2521 -0.213123
7.2541 -0.214139
7.2561 -0.215152
7.2581 -0.216165
7.2601 -0.217176
7.2621 -0.218186
7.2641 -0.219194
7.2661 -0.220201
7.2681 -0.221207
7.2701 -0.222211
7.2721 -0.223214
7.2741 -0.224215
7.2761 -0.225215
7.2781 -0.226213
7.2801 -0.22721
7.2821 -0.228205
7.2841 -0.2292
7.2861 -0.230192
7.2881 -0.231183
7.2901 -0.232173
7.2921 -0.233161
7.2941 -0.234148
7.2961 -0.235133
7.2981 -0.236117
7.3001 -0.237099
7.3021 -0.238079
7.3041 -0.239059
7.3061 -0.240036
7.3081 -0.241012
7.3101 -0.241987
7.3121 -0.24296
7.3141 -0.243932
7.3161 -0.244902
7.3181 -0.24587
7.3201 -0.246837
7.3221 -0.247802
7.3241 -0.248766
7.3261 -0.249728
7.3281 -0.250689
7.3301 -0.251648
7.3321 -0.252605
7.3341 -0.253561
7.3361 -0.254516
7.3381 -0.255468
7.3401 -0.256419
7.3421 -0.257369
7.3441 -0.258317
7.3461 -0.259263
7.3481 -0.260207
7.3501 -0.26115
7.3521 -0.262092
7.3541 -0.263031
7.3561 -0.263969
7.3581 -0.264906
7.3601 -0.26584
7.3621 -0.266773
7.3641 -0.267705
7.3661 -0.268634
7.3681 -0.269562
7.3701 -0.270489
7.3721 -0.271413
7.3741 -0.272336
7.3761 -0.273258
7.3781 -0.274177
7.3801 -0.275095
7.3821 -0.276011
7.3841 -0.276925
7.3861 -0.277838
7.3881 -0.278749
7.3901 -0.279658
7.3921 -0.280566
7.3941 -0.281471
7.3961 -0.282375
7.3981 -0.283278
7.4001 -0.284178
7.4021 -0.285077
7.4041 -0.285974
7.4061 -0.286869
7.4081 -0.287762
7.4101 -0.288654
7.4121 -0.289544
7.4141 -0.290431
7.4161 -0.291318
7.4181 -0.292202
7.4201 -0.293085
7.4221 -0.293965
7.4241 -0.294844
7.4261 -0.295722
7.4281 -0.296597
7.4301 -0.29747
7.4321 -0.298342
7.4341 -0.299212
7.4361 -0.30008
7.4381 -0.300946
7.4401 -0.30181
7.4421 -0.302672
7.4441 -0.303533
7.4461 -0.304391
7.4481 -0.305248
7.4501 -0.306103
7.4521 -0.306956
7.4541 -0.307807
7.4561 -0.308656
7.4581 -0.309504
7.4601 -0.310349
7.4621 -0.311193
7.4641 -0.312034
7.4661 -0.312874
7.4681 -0.313712
7.4701 -0.314547
7.4721 -0.315381
7.4741 -0.316213
7.4761 -0.317043
7.4781 -0.317871
7.4801 -0.318697
7.4821 -0.319522
7.4841 -0.320344
7.4861 -0.321164
7.4881 -0.321982
7.4901 -0.322799
7.4921 -0.323613
7.4941 -0.324425
7.4961 -0.325236
7.4981 -0.326044
7.5001 -0.32685
7.5021 -0.327655
7.5041 -0.328457
7.5061 -0.329258
7.5081 -0.330056
7.5101 -0.330852
7.5121 -0.331647
7.5141 -0.332439
7.5161 -0.333229
7.5181 -0.334017
7.5201 -0.334804
7.5221 -0.335588
7.5241 -0.33637
7.5261 -0.33715
7.5281 -0.337928
7.5301 -0.338704
7.5321 -0.339478
7.5341 -0.34025
7.5361 -0.34102
7.5381 -0.341787
7.5401 -0.342553
7.5421 -0.343316
7.5441 -0.344078
7.5461 -0.344837
7.5481 -0.345595
7.5501 -0.34635
7.5521 -0.347103
7.5541 -0.347854
7.5561 -0.348603
7.5581 -0.349349
7.5601 -0.350094
7.5621 -0.350836
7.5641 -0.351577
7.5661 -0.352315
7.5681 -0.353051
7.5701 -0.353785
7.5721 -0.354517
7.5741 -0.355247
7.5761 -0.355974
7.5781 -0.356699
7.5801 -0.357423
7.5821 -0.358144
7.5841 -0.358863
7.5861 -0.359579
7.5881 -0.360294
7.5901 -0.361006
7.5921 -0.361716
7.5941 -0.362424
7.5961 -0.36313
7.5981 -0.363834
7.6001 -0.364535
7.6021 -0.365234
7.6041 -0.365931
7.6061 -0.366626
7.6081 -0.367319
7.6101 -0.368009
7.6121 -0.368697
7.6141 -0.369383
7.6161 -0.370067
7.6181 -0.370748
7.6201 -0.371428
7.6221 -0.372105
7.6241 -0.372779
7.6261 -0.373452
7.6281 -0.374122
7.6301 -0.37479
7.6321 -0.375456
7.6341 -0.376119
7.6361 -0.376781
7.6381 -0.37744
7.6401 -0.378096
7.6421 -0.378751
7.6441 -0.379403
7.6461 -0.380053
7.6481 -0.3807
7.6501 -0.381346
7.6521 -0.381989
7.6541 -0.382629
7.6561 -0.383268
7.6581 -0.383904
7.6601 -0.384538
7.6621 -0.385169
7.6641 -0.385799
7.6661 -0.386426
7.6681 -0.38705
7.6701 -0.387672
7.6721 -0.388292
7.6741 -0.38891
7.6761 -0.389525
7.6781 -0.390138
7.6801 -0.390749
7.6821 -0.391357
7.6841 -0.391963
7.6861 -0.392567
7.6881 -0.393168
7.6901 -0.393767
7.6921 -0.394363
7.6941 -0.394957
7.6961 -0.395549
7.6981 -0.396139
7.7001 -0.396726
7.7021 -0.397311
7.7041 -0.397893
7.7061 -0.398473
7.7081 -0.39905
7.7101 -0.399626
7.7121 -0.400198
7.7141 -0.400769
7.7161 -0.401337
7.7181 -0.401903
7.7201 -0.402466
7.7221 -0.403027
7.7241 -0.403585
7.7261 -0.404141
7.7281 -0.404695
7.7301 -0.405246
7.7321 -0.405795
7.7341 -0.406341
7.7361 -0.406885
7.7381 -0.407427
7.7401 -0.407966
7.7421 -0.408502
7.7441 -0.409037
7.7461 -0.409569
7.7481 -0.410098
7.7501 -0.410625
7.7521 -0.411149
7.7541 -0.411671
7.7561 -0.412191
7.7581 -0.412708
7.7601 -0.413223
7.7621 -0.413735
7.7641 -0.414245
7.7661 -0.414752
7.7681 -0.415257
7.7701 -0.41576
7.7721 -0.416259
7.7741 -0.416757
7.7761 -0.417252
7.7781 -0.417744
7.7801 -0.418234
7.7821 -0.418722
7.7841 -0.419207
7.7861 -0.41969
7.7881 -0.42017
7.7901 -0.420647
7.7921 -0.421122
7.7941 -0.421595
7.7961 -0.422065
7.7981 -0.422533
7.8001 -0.422998
7.8021 -0.42346
7.8041 -0.423921
7.8061 -0.424378
7.8081 -0.424833
7.8101 -0.425286
7.8121 -0.425736
7.8141 -0.426183
7.8161 -0.426628
7.8181 -0.427071
7.8201 -0.427511
7.8221 -0.427948
7.8241 -0.428383
7.8261 -0.428815
7.8281 -0.429245
7.8301 -0.429672
7.8321 -0.430097
7.8341 -0.430519
7.8361 -0.430939
7.8381 -0.431356
7.8401 -0.431771
7.8421 -0.432183
7.8441 -0.432592
7.8461 -0.432999
7.8481 -0.433403
7.8501 -0.433805
7.8521 -0.434204
7.8541 -0.434601
7.8561 -0.434995
7.8581 -0.435387
7.8601 -0.435776
7.8621 -0.436162
7.8641 -0.436546
7.8661 -0.436927
7.8681 -0.437306
7.8701 -0.437682
7.8721 -0.438056
7.8741 -0.438427
7.8761 -0.438795
7.8781 -0.439161
7.8801 -0.439524
7.8821 -0.439884
7.8841 -0.440243
7.8861 -0.440598
7.8881 -0.440951
7.8901 -0.441301
7.8921 -0.441649
7.8941 -0.441994
7.8961 -0.442336
7.8981 -0.442676
7.9001 -0.443013
7.9021 -0.443348
7.9041 -0.44368
7.9061 -0.444009
7.9081 -0.444336
7.9101 -0.44466
7.9121 -0.444982
7.9141 -0.445301
7.9161 -0.445617
7.9181 -0.445931
7.9201 -0.446242
7.9221 -0.446551
7.9241 -0.446857
7.9261 -0.44716
7.9281 -0.44746
7.9301 -0.447758
7.9321 -0.448054
7.9341 -0.448347
7.9361 -0.448637
7.9381 -0.448924
7.9401 -0.449209
7.9421 -0.449491
7.9441 -0.449771
7.9461 -0.450048
7.9481 -0.450322
7.9501 -0.450594
7.9521 -0.450863
7.9541 -0.451129
7.9561 -0.451393
7.9581 -0.451654
7.9601 -0.451913
7.9621 -0.452169
7.9641 -0.452422
7.9661 -0.452672
7.9681 -0.45292
7.9701 -0.453165
7.9721 -0.453408
7.9741 -0.453648
7.9761 -0.453885
7.9781 -0.45412
7.9801 -0.454352
7.9821 -0.454581
7.9841 -0.454808
7.9861 -0.455032
7.9881 -0.455253
7.9901 -0.455472
7.9921 -0.455688
7.9941 -0.455901
7.9961 -0.456112
7.9981 -0.45632
8.0001 -0.456525
8.0021 -0.456728
8.0041 -0.456928
8.0061 -0.457125
8.0081 -0.45732
8.0101 -0.457512
8.0121 -0.457701
8.0141 -0.457888
8.0161 -0.458072
8.0181 -0.458253
8.0201 -0.458432
8.0221 -0.458608
8.0241 -0.458781
8.0261 -0.458952
8.0281 -0.45912
8.0301 -0.459285
8.0321 -0.459448
8.0341 -0.459608
8.0361 -0.459765
8.0381 -0.45992
8.0401 -0.460072
8.0421 -0.460221
8.0441 -0.460367
8.0461 -0.460511
8.0481 -0.460653
8.0501 -0.460791
8.0521 -0.460927
8.0541 -0.46106
8.0561 -0.46119
8.0581 -0.461318
8.0601 -0.461443
8.0621 -0.461566
8.0641 -0.461686
8.0661 -0.461803
8.0681 -0.461917
8.0701 -0.462029
8.0721 -0.462138
8.0741 -0.462244
8.0761 -0.462347
8.0781 -0.462448
8.0801 -0.462547
8.0821 -0.462642
8.0841 -0.462735
8.0861 -0.462825
8.0881 -0.462913
8.0901 -0.462998
8.0921 -0.46308
8.0941 -0.463159
8.0961 -0.463236
8.0981 -0.46331
8.1001 -0.463381
8.1021 -0.46345
8.1041 -0.463516
8.1061 -0.463579
8.1081 -0.46364
8.1101 -0.463698
8.1121 -0.463753
8.1141 -0.463805
8.1161 -0.463855
8.1181 -0.463903
8.1201 -0.463947
8.1221 -0.463989
8.1241 -0.464028
8.1261 -0.464064
8.1281 -0.464098
8.1301 -0.464129
8.1321 -0.464157
8.1341 -0.464183
8.1361 -0.464206
8.1381 -0.464226
8.1401 -0.464244
8.1421 -0.464259
8.1441 -0.464271
8.1461 -0.464281
8.1481 -0.464287
8.1501 -0.464292
8.1521 -0.464293
8.1541 -0.464292
8.1561 -0.464288
8.1581 -0.464281
8.1601 -0.464272
8.1621 -0.46426
8.1641 -0.464246
8.1661 -0.464228
8.1681 -0.464208
8.1701 -0.464186
8.1721 -0.46416
8.1741 -0.464132
8.1761 -0.464102
8.1781 -0.464068
8.1801 -0.464032
8.1821 -0.463993
8.1841 -0.463952
8.1861 -0.463908
8.1881 -0.463861
8.1901 -0.463812
8.1921 -0.463759
8.1941 -0.463705
8.1961 -0.463647
8.1981 -0.463587
8.2001 -0.463524
8.2021 -0.463459
8.2041 -0.46339
8.2061 -0.46332
8.2081 -0.463246
8.2101 -0.46317
8.2121 -0.463091
8.2141 -0.46301
8.2161 -0.462925
8.2181 -0.462838
8.2201 -0.462749
8.2221 -0.462657
8.2241 -0.462562
8.2261 -0.462464
8.2281 -0.462364
8.2301 -0.462261
8.2321 -0.462156
8.2341 -0.462048
8.2361 -0.461937
8.2381 -0.461823
8.2401 -0.461707
8.2421 -0.461588
8.2441 -0.461467
8.2461 -0.461343
8.2481 -0.461216
8.2501 -0.461087
8.2521 -0.460955
8.2541 -0.46082
8.2561 -0.460683
8.2581 -0.460543
8.2601 -0.4604
8.2621 -0.460255
8.2641 -0.460107
8.2661 -0.459956
8.2681 -0.459803
8.2701 -0.459647
8.2721 -0.459489
8.2741 -0.459327
8.2761 -0.459164
8.2781 -0.458997
8.2801 -0.458828
8.2821 -0.458657
8.2841 -0.458482
8.2861 -0.458305
8.2881 -0.458126
8.2901 -0.457943
8.2921 -0.457759
8.2941 -0.457571
8.2961 -0.457381
8.2981 -0.457188
8.3001 -0.456993
8.3021 -0.456795
8.3041 -0.456595
8.3061 -0.456391
8.3081 -0.456186
8.3101 -0.455977
8.3121 -0.455766
8.3141 -0.455553
8.3161 -0.455336
8.3181 -0.455118
8.3201 -0.454896
8.3221 -0.454672
8.3241 -0.454446
8.3261 -0.454216
8.3281 -0.453984
8.3301 -0.45375
8.3321 -0.453513
8.3341 -0.453273
8.3361 -0.453031
8.3381 -0.452786
8.3401 -0.452539
8.3421 -0.452289
8.3441 -0.452036
8.3461 -0.451781
8.3481 -0.451523
8.3501 -0.451263
8.3521 -0.451
8.3541 -0.450735
8.3561 -0.450467
8.3581 -0.450196
8.3601 -0.449923
8.3621 -0.449647
8.3641 -0.449369
8.3661 -0.449088
8.3681 -0.448804
8.3701 -0.448518
8.3721 -0.44823
8.3741 -0.447939
8.3761 -0.447645
8.3781 -0.447349
8.3801 -0.44705
8.3821 -0.446749
8.3841 -0.446445
8.3861 -0.446138
8.3881 -0.445829
8.3901 -0.445518
8.3921 -0.445204
8.3941 -0.444887
8.3961 -0.444568
8.3981 -0.444246
8.4001 -0.443922
8.4021 -0.443595
8.4041 -0.443266
8.4061 -0.442934
8.4081 -0.4426
8.4101 -0.442263
8.4121 -0.441924
8.4141 -0.441582
8.4161 -0.441238
8.4181 -0.440891
8.4201 -0.440541
8.4221 -0.440189
8.4241 -0.439835
8.4261 -0.439478
8.4281 -0.439119
8.4301 -0.438757
8.4321 -0.438392
8.4341 -0.438026
8.4361 -0.437656
8.4381 -0.437284
8.4401 -0.43691
8.4421 -0.436533
8.4441 -0.436154
8.4461 -0.435772
8.4481 -0.435388
8.4501 -0.435001
8.4521 -0.434612
8.4541 -0.43422
8.4561 -0.433826
8.4581 -0.43343
8.4601 -0.43303
8.4621 -0.432629
8.4641 -0.432225
8.4661 -0.431819
8.4681 -0.43141
8.4701 -0.430998
8.4721 -0.430585
8.4741 -0.430168
8.4761 -0.42975
8.4781 -0.429329
8.4801 -0.428905
8.4821 -0.428479
8.4841 -0.428051
8.4861 -0.42762
8.4881 -0.427187
8.4901 -0.426751
8.4921 -0.426313
8.4941 -0.425873
8.4961 -0.42543
8.4981 -0.424985
8.5001 -0.424537
8.5021 -0.424087
8.5041 -0.423634
8.5061 -0.42318
8.5081 -0.422722
8.5101 -0.422263
8.5121 -0.421801
8.5141 -0.421336
8.5161 -0.420869
8.5181 -0.4204
8.5201 -0.419929
8.5221 -0.419455
8.5241 -0.418978
8.5261 -0.4185
8.5281 -0.418019
8.5301 -0.417535
8.5321 -0.417049
8.5341 -0.416561
8.5361 -0.416071
8.5381 -0.415578
8.5401 -0.415083
8.5421 -0.414585
8.5441 -0.414086
8.5461 -0.413583
8.5481 -0.413079
8.5501 -0.412572
8.5521 -0.412063
8.5541 -0.411551
8.5561 -0.411038
8.5581 -0.410521
8.5601 -0.410003
8.5621 -0.409482
8.5641 -0.408959
8.5661 -0.408434
8.5681 -0.407906
8.5701 -0.407376
8.5721 -0.406844
8.5741 -0.406309
8.5761 -0.405773
8.5781 -0.405233
8.5801 -0.404692
8.5821 -0.404148
8.5841 -0.403602
8.5861 -0.403054
8.5881 -0.402504
8.5901 -0.401951
8.5921 -0.401396
8.5941 -0.400839
8.5961 -0.400279
8.5981 -0.399717
8.6001 -0.399153
8.6021 -0.398587
8.6041 -0.398019
8.6061 -0.397448
8.6081 -0.396875
8.6101 -0.3963
8.6121 -0.395722
8.6141 -0.395143
8.6161 -0.394561
8.6181 -0.393977
8.6201 -0.39339
8.6221 -0.392802
8.6241 -0.392211
8.6261 -0.391618
8.6281 -0.391023
8.6301 -0.390426
8.6321 -0.389826
8.6341 -0.389225
8.6361 -0.388621
8.6381 -0.388015
8.6401 -0.387407
8.6421 -0.386796
8.6441 -0.386184
8.6461 -0.385569
8.6481 -0.384952
8.6501 -0.384333
8.6521 -0.383712
8.6541 -0.383089
8.6561 -0.382464
8.6581 -0.381836
8.6601 -0.381206
8.6621 -0.380574
8.6641 -0.37994
8.6661 -0.379304
8.6681 -0.378666
8.6701 -0.378026
8.6721 -0.377383
8.6741 -0.376739
8.6761 -0.376092
8.6781 -0.375443
8.6801 -0.374792
8.6821 -0.37414
8.6841 -0.373485
8.6861 -0.372827
8.6881 -0.372168
8.6901 -0.371507
8.6921 -0.370844
8.6941 -0.370178
8.6961 -0.369511
8.6981 -0.368841
8.7001 -0.36817
8.7021 -0.367496
8.7041 -0.36682
8.7061 -0.366142
8.7081 -0.365463
8.7101 -0.364781
8.7121 -0.364097
8.7141 -0.363411
8.7161 -0.362723
8.7181 -0.362033
8.7201 -0.361341
8.7221 -0.360647
8.7241 -0.359952
8.7261 -0.359254
8.7281 -0.358554
8.7301 -0.357852
8.7321 -0.357148
8.7341 -0.356442
8.7361 -0.355734
8.7381 -0.355024
8.7401 -0.354312
8.7421 -0.353598
8.7441 -0.352883
8.7461 -0.352165
8.7481 -0.351445
8.7501 -0.350724
8.7521 -0.35
8.7541 -0.349275
8.7561 -0.348547
8.7581 -0.347818
8.7601 -0.347086
8.7621 -0.346353
8.7641 -0.345618
8.7661 -0.344881
8.7681 -0.344142
8.7701 -0.343401
8.7721 -0.342658
8.7741 -0.341914
8.7761 -0.341167
8.7781 -0.340419
8.7801 -0.339668
8.7821 -0.338916
8.7841 -0.338162
8.7861 -0.337406
8.7881 -0.336648
8.7901 -0.335888
8.7921 -0.335127
8.7941 -0.334363
8.7961 -0.333598
8.7981 -0.332831
8.8001 -0.332062
8.8021 -0.331291
8.8041 -0.330519
8.8061 -0.329744
8.8081 -0.328968
8.8101 -0.32819
8.8121 -0.32741
8.8141 -0.326628
8.8161 -0.325845
8.8181 -0.32506
8.8201 -0.324273
8.8221 -0.323484
8.8241 -0.322693
8.8261 -0.321901
8.8281 -0.321107
8.8301 -0.320311
8.8321 -0.319513
8.8341 -0.318714
8.8361 -0.317912
8.8381 -0.317109
8.8401 -0.316305
8.8421 -0.315498
8.8441 -0.31469
8.8461 -0.31388
8.8481 -0.313069
8.8501 -0.312255
8.8521 -0.31144
8.8541 -0.310623
8.8561 -0.309805
8.8581 -0.308985
8.8601 -0.308163
8.8621 -0.307339
8.8641 -0.306514
8.8661 -0.305687
8.8681 -0.304859
8.8701 -0.304028
8.8721 -0.303197
8.8741 -0.302363
8.8761 -0.301528
8.8781 -0.300691
8.8801 -0.299852
8.8821 -0.299012
8.8841 -0.29817
8.8861 -0.297327
8.8881 -0.296482
8.8901 -0.295635
8.8921 -0.294787
8.8941 -0.293937
8.8961 -0.293085
8.8981 -0.292232
8.9001 -0.291378
8.9021 -0.290521
8.9041 -0.289663
8.9061 -0.288804
8.9081 -0.287943
8.9101 -0.28708
8.9121 -0.286216
8.9141 -0.285351
8.9161 -0.284483
8.9181 -0.283614
8.9201 -0.282744
8.9221 -0.281872
8.9241 -0.280999
8.9261 -0.280124
8.9281 -0.279247
8.9301 -0.278369
8.9321 -0.27749
8.9341 -0.276609
8.9361 -0.275726
8.9381 -0.274842
8.9401 -0.273957
8.9421 -0.27307
8.9441 -0.272181
8.9461 -0.271292
8.9481 -0.2704
8.9501 -0.269507
8.9521 -0.268613
8.9541 -0.267717
8.9561 -0.26682
8.9581 -0.265921
8.9601 -0.265021
8.9621 -0.26412
8.9641 -0.263217
8.9661 -0.262312
8.9681 -0.261406
8.9701 -0.260499
8.9721 -0.259591
8.9741 -0.258681
8.9761 -0.257769
8.9781 -0.256856
8.9801 -0.255942
8.9821 -0.255027
8.9841 -0.25411
8.9861 -0.253191
8.9881 -0.252272
8.9901 -0.251351
8.9921 -0.250428
8.9941 -0.249505
8.9961 -0.248579
8.9981 -0.247653
9.0001 -0.246725
9.0021 -0.245796
9.0041 -0.244866
9.0061 -0.243934
9.0081 -0.243001
9.0101 -0.242067
9.0121 -0.241131
9.0141 -0.240195
9.0161 -0.239256
9.0181 -0.238317
9.0201 -0.237376
9.0221 -0.236434
9.0241 -0.235491
9.0261 -0.234547
9.0281 -0.233601
9.0301 -0.232654
9.0321 -0.231706
9.0341 -0.230756
9.0361 -0.229805
9.0381 -0.228853
9.0401 -0.2279
9.0421 -0.226946
9.0441 -0.22599
9.0461 -0.225034
9.0481 -0.224076
9.0501 -0.223116
9.0521 -0.222156
9.0541 -0.221195
9.0561 -0.220232
9.0581 -0.219268
9.0601 -0.218303
9.0621 -0.217337
9.0641 -0.21637
9.0661 -0.215401
9.0681 -0.214431
9.0701 -0.213461
9.0721 -0.212489
9.0741 -0.211516
9.0761 -0.210542
9.0781 -0.209567
9.0801 -0.20859
9.0821 -0.207613
9.0841 -0.206634
9.0861 -0.205655
9.0881 -0.204674
9.0901 -0.203692
9.0921 -0.202709
9.0941 -0.201726
9.0961 -0.200741
9.0981 -0.199755
9.1001 -0.198768
9.1021 -0.197779
9.1041 -0.19679
9.1061 -0.1958
9.1081 -0.194809
9.1101 -0.193817
9.1121 -0.192824
9.1141 -0.191829
9.1161 -0.190834
9.1181 -0.189838
9.1201 -0.188841
9.1221 -0.187843
9.1241 -0.186843
9.1261 -0.185843
9.1281 -0.184842
9.1301 -0.18384
9.1321 -0.182837
9.1341 -0.181833
9.1361 -0.180828
9.1381 -0.179823
9.1401 -0.178816
9.1421 -0.177808
9.1441 -0.1768
9.1461 -0.17579
9.1481 -0.17478
9.1501 -0.173768
9.1521 -0.172756
9.1541 -0.171743
9.1561 -0.170729
9.1581 -0.169714
9.1601 -0.168698
9.1621 -0.167682
9.1641 -0.166664
9.1661 -0.165646
9.1681 -0.164627
9.1701 -0.163607
9.1721 -0.162586
9.1741 -0.161564
9.1761 -0.160542
9.1781 -0.159519
9.1801 -0.158495
9.1821 -0.15747
9.1841 -0.156444
9.1861 -0.155417
9.1881 -0.15439
9.1901 -0.153362
9.1921 -0.152333
9.1941 -0.151304
9.1961 -0.150273
9.1981 -0.149242
9.2001 -0.14821
9.2021 -0.147178
9.2041 -0.146144
9.2061 -0.14511
9.2081 -0.144075
9.2101 -0.14304
9.2121 -0.142003
9.2141 -0.140966
9.2161 -0.139929
9.2181 -0.13889
9.2201 -0.137851
9.2221 -0.136812
9.2241 -0.135771
9.2261 -0.13473
9.2281 -0.133688
9.2301 -0.132646
9.2321 -0.131603
9.2341 -0.130559
9.2361 -0.129515
9.2381 -0.12847
9.2401 -0.127424
9.2421 -0.126378
9.2441 -0.125331
9.2461 -0.124283
9.2481 -0.123235
9.2501 -0.122187
9.2521 -0.121137
9.2541 -0.120087
9.2561 -0.119037
9.2581 -0.117986
9.2601 -0.116934
9.2621 -0.115882
9.2641 -0.114829
9.2661 -0.113776
9.2681 -0.112722
9.2701 -0.111668
9.2721 -0.110613
9.2741 -0.109558
9.2761 -0.108502
9.2781 -0.107445
9.2801 -0.106388
9.2821 -0.105331
9.2841 -0.104273
9.2861 -0.103215
9.2881 -0.102156
9.2901 -0.101096
9.2921 -0.100036
9.2941 -0.0989761
9.2961 -0.0979153
9.2981 -0.096854
9.3001 -0.0957924
9.3021 -0.0947302
9.3041 -0.0936677
9.3061 -0.0926047
9.3081 -0.0915413
9.3101 -0.0904775
9.3121 -0.0894132
9.3141 -0.0883486
9.3161 -0.0872836
9.3181 -0.0862181
9.3201 -0.0851523
9.3221 -0.0840861
9.3241 -0.0830196
9.3261 -0.0819527
9.3281 -0.0808854
9.3301 -0.0798177
9.3321 -0.0787498
9.3341 -0.0776814
9.3361 -0.0766128
9.3381 -0.0755438
9.3401 -0.0744745
9.3421 -0.0734049
9.3441 -0.0723349
9.3461 -0.0712647
9.3481 -0.0701942
9.3501 -0.0691233
9.3521 -0.0680522
9.3541 -0.0669808
9.3561 -0.0659092
9.3581 -0.0648372
9.3601 -0.063765
9.3621 -0.0626926
9.3641 -0.0616199
9.3661 -0.060547
9.3681 -0.0594738
9.3701 -0.0584004
9.3721 -0.0573268
9.3741 -0.0562529
9.3761 -0.0551789
9.3781 -0.0541046
9.3801 -0.0530302
9.3821 -0.0519555
9.3841 -0.0508807
9.3861 -0.0498057
9.3881 -0.0487305
9.3901 -0.0476551
9.3921 -0.0465796
9.3941 -0.045504
9.3961 -0.0444281
9.3981 -0.0433522
9.4001 -0.0422761
9.4021 -0.0411999
9.4041 -0.0401235
9.4061 -0.039047
9.4081 -0.0379705
9.4101 -0.0368938
9.4121 -0.035817
9.4141 -0.0347401
9.4161 -0.0336632
9.4181 -0.0325861
9.4201 -0.031509
9.4221 -0.0304318
9.4241 -0.0293546
9.4261 -0.0282773
9.4281 -0.0271999
9.4301 -0.0261225
9.4321 -0.0250451
9.4341 -0.0239676
9.4361 -0.0228901
9.4381 -0.0218126
9.4401 -0.0207351
9.4421 -0.0196576
9.4441 -0.0185801
9.4461 -0.0175026
9.4481 -0.0164251
9.4501 -0.0153476
9.4521 -0.0142701
9.4541 -0.0131927
9.4561 -0.0121153
9.4581 -0.011038
9.4601 -0.00996069
9.4621 -0.00888345
9.4641 -0.00780627
9.4661 -0.00672917
9.4681 -0.00565214
9.4701 -0.00457519
9.4721 -0.00349832
9.4741 -0.00242155
9.4761 -0.00134488
9.4781 -0.000268319
9.4801 0.000808133
9.4821 0.00188447
9.4841 0.00296068
9.4861 0.00403676
9.4881 0.0051127
9.4901 0.0061885
9.4921 0.00726415
9.4941 0.00833964
9.4961 0.00941497
9.4981 0.0104901
9.5001 0.0115651
9.5021 0.0126399
9.5041 0.0137146
9.5061 0.014789
9.5081 0.0158632
9.5101 0.0169373
9.5121 0.0180111
9.5141 0.0190847
9.5161 0.0201581
9.5181 0.0212312
9.5201 0.0223041
9.5221 0.0233768
9.5241 0.0244492
9.5261 0.0255214
9.5281 0.0265933
9.5301 0.0276649
9.5321 0.0287363
9.5341 0.0298074
9.5361 0.0308782
9.5381 0.0319487
9.5401 0.033019
9.5421 0.0340889
9.5441 0.0351585
9.5461 0.0362278
9.5481 0.0372967
9.5501 0.0383654
9.5521 0.0394337
9.5541 0.0405017
9.5561 0.0415693
9.5581 0.0426366
9.5601 0.0437035
9.5621 0.04477
9.5641 0.0458362
9.5661 0.046902
9.5681 0.0479674
9.5701 0.0490325
9.5721 0.0500971
9.5741 0.0511613
9.5761 0.0522252
9.5781 0.0532886
9.5801 0.0543516
9.5821 0.0554141
9.5841 0.0564763
9.5861 0.057538
9.5881 0.0585992
9.5901 0.05966
9.5921 0.0607204
9.5941 0.0617803
9.5961 0.0628397
9.5981 0.0638987
9.6001 0.0649571
9.6021 0.0660151
9.6041 0.0670726
9.6061 0.0681296
9.6081 0.0691861
9.6101 0.0702421
9.6121 0.0712975
9.6141 0.0723525
9.6161 0.0734069
9.6181 0.0744608
9.6201 0.0755141
9.6221 0.0765669
9.6241 0.0776191
9.6261 0.0786708
9.6281 0.0797219
9.6301 0.0807725
9.6321 0.0818225
9.6341 0.0828719
9.6361 0.0839207
9.6381 0.0849689
9.6401 0.0860165
9.6421 0.0870635
9.6441 0.0881099
9.6461 0.0891556
9.6481 0.0902008
9.6501 0.0912453
9.6521 0.0922892
9.6541 0.0933324
9.6561 0.094375
9.6581 0.095417
9.6601 0.0964582
9.6621 0.0974988
9.6641 0.0985388
9.6661 0.0995781
9.6681 0.100617
9.6701 0.101655
9.6721 0.102692
9.6741 0.103728
9.6761 0.104764
9.6781 0.105799
9.6801 0.106833
9.6821 0.107867
9.6841 0.1089
9.6861 0.109932
9.6881 0.110964
9.6901 0.111994
9.6921 0.113024
9.6941 0.114053
9.6961 0.115082
9.6981 0.116109
9.7001 0.117136
9.7021 0.118162
9.7041 0.119188
9.7061 0.120212
9.7081 0.121236
9.7101 0.122259
9.7121 0.123281
9.7141 0.124302
9.7161 0.125322
9.7181 0.126342
9.7201 0.127361
9.7221 0.128379
9.7241 0.129396
9.7261 0.130412
9.7281 0.131427
9.7301 0.132442
9.7321 0.133455
9.7341 0.134468
9.7361 0.13548
9.7381 0.136491
9.7401 0.137501
9.7421 0.13851
9.7441 0.139518
9.7461 0.140526
9.7481 0.141532
9.7501 0.142538
9.7521 0.143542
9.7541 0.144546
9.7561 0.145549
9.7581 0.14655
9.7601 0.147551
9.7621 0.148551
9.7641 0.14955
9.7661 0.150548
9.7681 0.151545
9.7701 0.152541
9.7721 0.153536
9.7741 0.15453
9.7761 0.155523
9.7781 0.156515
9.7801 0.157506
9.7821 0.158496
9.7841 0.159485
9.7861 0.160473
9.7881 0.16146
9.7901 0.162446
9.7921 0.163431
9.7941 0.164415
9.7961 0.165397
9.7981 0.166379
9.8001 0.16736
9.8021 0.168339
9.8041 0.169318
9.8061 0.170295
9.8081 0.171272
9.8101 0.172247
9.8121 0.173221
9.8141 0.174194
9.8161 0.175166
9.8181 0.176137
9.8201 0.177107
9.8221 0.178075
9.8241 0.179043
9.8261 0.180009
9.8281 0.180974
9.8301 0.181938
9.8321 0.182901
9.8341 0.183863
9.8361 0.184824
9.8381 0.185783
9.8401 0.186741
9.8421 0.187698
9.8441 0.188654
9.8461 0.189609
9.8481 0.190562
9.8501 0.191515
9.8521 0.192466
9.8541 0.193416
9.8561 0.194364
9.8581 0.195312
9.8601 0.196258
9.8621 0.197203
9.8641 0.198147
9.8661 0.199089
9.8681 0.200031
9.8701 0.200971
9.8721 0.201909
9.8741 0.202847
9.8761 0.203783
9.8781 0.204718
9.8801 0.205652
9.8821 0.206584
9.8841 0.207515
9.8861 0.208445
9.8881 0.209374
9.8901 0.210301
9.8921 0.211227
9.8941 0.212151
9.8961 0.213075
9.8981 0.213997
9.9001 0.214917
9.9021 0.215837
9.9041 0.216754
9.9061 0.217671
9.9081 0.218586
9.9101 0.2195
9.9121 0.220413
9.9141 0.221324
9.9161 0.222234
9.9181 0.223142
9.9201 0.224049
9.9221 0.224955
9.9241 0.225859
9.9261 0.226762
9.9281 0.227663
9.9301 0.228563
9.9321 0.229462
9.9341 0.230359
9.9361 0.231255
9.9381 0.232149
9.9401 0.233042
9.9421 0.233934
9.9441 0.234824
9.9461 0.235712
9.9481 0.236599
9.9501 0.237485
9.9521 0.238369
9.9541 0.239252
9.9561 0.240133
9.9581 0.241013
9.9601 0.241892
9.9621 0.242768
9.9641 0.243644
9.9661 0.244518
9.9681 0.24539
9.9701 0.246261
9.9721 0.24713
9.9741 0.247998
9.9761 0.248864
9.9781 0.249729
9.9801 0.250592
9.9821 0.251454
9.9841 0.252314
9.9861 0.253173
9.9881 0.25403
9.9901 0.254885
9.9921 0.255739
9.9941 0.256592
9.9961 0.257443
9.9981 0.258292
