0.001 1 1 1 1 1
0.002 0.999998 0.999988 0.99997 0.999943 0.999909
0.003 0.999992 0.999956 0.999891 0.999798 0.999676
0.004 0.999982 0.999907 0.999771 0.999575 0.999318
0.005 0.99997 0.999842 0.999611 0.999277 0.998842
0.006 0.999955 0.999761 0.999412 0.998908 0.99825
0.007 0.999936 0.999664 0.999174 0.998467 0.997543
0.008 0.999915 0.999552 0.998899 0.997956 0.996723
0.009 0.999891 0.999424 0.998585 0.997374 0.995791
0.01 0.999864 0.999281 0.998234 0.996722 0.994747
0.011 0.999834 0.999123 0.997845 0.996 0.993591
0.012 0.999801 0.998949 0.997418 0.995208 0.992324
0.013 0.999765 0.99876 0.996954 0.994347 0.990945
0.014 0.999726 0.998556 0.996452 0.993417 0.989457
0.015 0.999684 0.998337 0.995913 0.992417 0.987858
0.016 0.99964 0.998102 0.995337 0.991349 0.986149
0.017 0.999592 0.997852 0.994723 0.990212 0.98433
0.018 0.999542 0.997587 0.994072 0.989006 0.982403
0.019 0.999489 0.997306 0.993384 0.987731 0.980367
0.02 0.999433 0.99701 0.992658 0.986388 0.978222
0.021 0.999374 0.9967 0.991896 0.984976 0.975969
0.022 0.999312 0.996374 0.991096 0.983497 0.973608
0.023 0.999247 0.996032 0.990259 0.98195 0.971141
0.024 0.999179 0.995676 0.989386 0.980335 0.968566
0.025 0.999109 0.995304 0.988475 0.978652 0.965885
0.026 0.999035 0.994918 0.987528 0.976902 0.963099
0.027 0.998959 0.994516 0.986544 0.975085 0.960206
0.028 0.99888 0.994099 0.985523 0.973201 0.957209
0.029 0.998797 0.993667 0.984466 0.97125 0.954108
0.03 0.998712 0.99322 0.983372 0.969232 0.950903
0.031 0.998625 0.992758 0.982241 0.967148 0.947594
0.032 0.998534 0.99228 0.981074 0.964998 0.944182
0.033 0.99844 0.991788 0.979871 0.962782 0.940669
0.034 0.998343 0.991281 0.978631 0.9605 0.937054
0.035 0.998244 0.990758 0.977355 0.958153 0.933337
0.036 0.998142 0.990221 0.976043 0.955741 0.929521
0.037 0.998037 0.989668 0.974694 0.953264 0.925604
0.038 0.997928 0.989101 0.97331 0.950722 0.921589
0.039 0.997817 0.988518 0.97189 0.948115 0.917475
0.04 0.997704 0.987921 0.970433 0.945445 0.913264
0.041 0.997587 0.987308 0.968941 0.942711 0.908955
0.042 0.997467 0.986681 0.967414 0.939913 0.90455
0.043 0.997345 0.986039 0.96585 0.937051 0.90005
0.044 0.997219 0.985382 0.964252 0.934127 0.895455
0.045 0.997091 0.984709 0.962617 0.93114 0.890765
0.046 0.99696 0.984023 0.960948 0.928091 0.885983
0.047 0.996826 0.983321 0.959243 0.92498 0.881108
0.048 0.996689 0.982604 0.957503 0.921807 0.876141
0.049 0.99655 0.981873 0.955728 0.918573 0.871084
0.05 0.996407 0.981126 0.953918 0.915277 0.865936
0.051 0.996261 0.980365 0.952073 0.911921 0.8607
0.052 0.996113 0.979589 0.950193 0.908504 0.855375
0.053 0.995962 0.978798 0.948279 0.905028 0.849963
0.054 0.995808 0.977993 0.94633 0.901492 0.844464
0.055 0.995651 0.977173 0.944347 0.897896 0.83888
0.056 0.995491 0.976338 0.942329 0.894242 0.833211
0.057 0.995328 0.975489 0.940277 0.890529 0.827459
0.058 0.995163 0.974624 0.938191 0.886758 0.821623
0.059 0.994994 0.973745 0.936071 0.88293 0.815706
0.06 0.994823 0.972852 0.933918 0.879043 0.809708
0.061 0.994649 0.971944 0.93173 0.8751 0.803631
0.062 0.994472 0.971021 0.929509 0.871101 0.797474
0.063 0.994292 0.970084 0.927254 0.867045 0.79124
0.064 0.994109 0.969132 0.924967 0.862934 0.784929
0.065 0.993923 0.968166 0.922645 0.858767 0.778542
0.066 0.993735 0.967185 0.920291 0.854546 0.772081
0.067 0.993544 0.96619 0.917904 0.85027 0.765546
0.068 0.993349 0.96518 0.915484 0.84594 0.758938
0.069 0.993152 0.964156 0.913031 0.841556 0.75226
0.07 0.992952 0.963117 0.910546 0.83712 0.74551
0.071 0.99275 0.962064 0.908028 0.832631 0.738692
0.072 0.992544 0.960997 0.905478 0.82809 0.731805
0.073 0.992336 0.959915 0.902896 0.823497 0.724852
0.074 0.992124 0.958819 0.900282 0.818853 0.717832
0.075 0.99191 0.957709 0.897636 0.814158 0.710748
0.076 0.991693 0.956584 0.894958 0.809413 0.703601
0.077 0.991473 0.955446 0.892249 0.804618 0.696391
0.078 0.99125 0.954293 0.889508 0.799774 0.68912
0.079 0.991025 0.953126 0.886736 0.794881 0.681789
0.08 0.990796 0.951944 0.883933 0.78994 0.674399
0.081 0.990565 0.950749 0.881099 0.784951 0.666952
0.082 0.990331 0.949539 0.878234 0.779915 0.659448
0.083 0.990094 0.948316 0.875339 0.774832 0.65189
0.084 0.989854 0.947078 0.872413 0.769703 0.644277
0.085 0.989611 0.945826 0.869457 0.764529 0.636612
0.086 0.989366 0.94456 0.866471 0.759309 0.628895
0.087 0.989117 0.943281 0.863455 0.754045 0.621128
0.088 0.988866 0.941987 0.860409 0.748736 0.613313
0.089 0.988612 0.94068 0.857333 0.743384 0.60545
0.09 0.988355 0.939358 0.854228 0.73799 0.59754
0.091 0.988096 0.938023 0.851094 0.732552 0.589586
0.092 0.987833 0.936674 0.84793 0.727073 0.581587
0.093 0.987568 0.935311 0.844738 0.721553 0.573547
0.094 0.987299 0.933935 0.841517 0.715992 0.565465
0.095 0.987028 0.932545 0.838267 0.710391 0.557343
0.096 0.986754 0.931141 0.834989 0.70475 0.549183
0.097 0.986478 0.929723 0.831682 0.69907 0.540986
0.098 0.986198 0.928292 0.828348 0.693352 0.532753
0.099 0.985916 0.926847 0.824986 0.687596 0.524485
0.1 0.985631 0.925389 0.821596 0.681802 0.516184
0.101 0.985343 0.923917 0.818179 0.675972 0.507851
0.102 0.985052 0.922431 0.814734 0.670106 0.499488
0.103 0.984758 0.920932 0.811263 0.664205 0.491096
0.104 0.984461 0.91942 0.807764 0.658269 0.482675
0.105 0.984162 0.917894 0.804239 0.652298 0.474229
0.106 0.98386 0.916355 0.800687 0.646294 0.465757
0.107 0.983555 0.914803 0.797109 0.640256 0.457261
0.108 0.983247 0.913237 0.793505 0.634187 0.448743
0.109 0.982937 0.911659 0.789875 0.628085 0.440204
0.11 0.982623 0.910066 0.786219 0.621952 0.431645
0.111 0.982307 0.908461 0.782538 0.615789 0.423069
0.112 0.981988 0.906843 0.778831 0.609596 0.414475
0.113 0.981666 0.905211 0.775099 0.603373 0.405865
0.114 0.981342 0.903567 0.771343 0.597122 0.397241
0.115 0.981014 0.901909 0.767561 0.590843 0.388605
0.116 0.980684 0.900238 0.763756 0.584536 0.379957
0.117 0.980351 0.898555 0.759926 0.578203 0.371299
0.118 0.980015 0.896858 0.756072 0.571843 0.362632
0.119 0.979676 0.895149 0.752194 0.565458 0.353958
0.12 0.979335 0.893427 0.748292 0.559049 0.345278
0.121 0.978991 0.891692 0.744368 0.552614 0.336594
0.122 0.978644 0.889944 0.740419 0.546157 0.327906
0.123 0.978294 0.888184 0.736448 0.539676 0.319216
0.124 0.977941 0.886411 0.732455 0.533174 0.310526
0.125 0.977586 0.884625 0.728438 0.526649 0.301837
0.126 0.977227 0.882826 0.7244 0.520104 0.29315
0.127 0.976866 0.881016 0.720339 0.513539 0.284466
0.128 0.976503 0.879192 0.716256 0.506953 0.275788
0.129 0.976136 0.877356 0.712152 0.500349 0.267116
0.13 0.975767 0.875508 0.708026 0.493727 0.258451
0.131 0.975395 0.873647 0.70388 0.487087 0.249796
0.132 0.97502 0.871774 0.699712 0.48043 0.241151
0.133 0.974642 0.869889 0.695523 0.473757 0.232517
0.134 0.974261 0.867991 0.691314 0.467068 0.223897
0.135 0.973878 0.866081 0.687085 0.460364 0.215291
0.136 0.973492 0.864159 0.682836 0.453646 0.206701
0.137 0.973103 0.862225 0.678567 0.446915 0.198128
0.138 0.972712 0.860278 0.674278 0.44017 0.189573
0.139 0.972317 0.85832 0.66997 0.433413 0.181038
0.14 0.97192 0.85635 0.665643 0.426645 0.172524
0.141 0.97152 0.854367 0.661297 0.419865 0.164032
0.142 0.971118 0.852373 0.656933 0.413076 0.155563
0.143 0.970712 0.850367 0.65255 0.406276 0.14712
0.144 0.970304 0.848349 0.648149 0.399468 0.138703
0.145 0.969893 0.84632 0.64373 0.392652 0.130313
0.146 0.96948 0.844278 0.639293 0.385828 0.121952
0.147 0.969063 0.842225 0.634839 0.378997 0.113621
0.148 0.968644 0.84016 0.630368 0.37216 0.105321
0.149 0.968222 0.838084 0.62588 0.365318 0.0970538
0.15 0.967797 0.835996 0.621375 0.358471 0.0888203
0.151 0.96737 0.833897 0.616854 0.351619 0.0806217
0.152 0.96694 0.831786 0.612317 0.344764 0.0724593
0.153 0.966507 0.829664 0.607763 0.337907 0.0643343
0.154 0.966071 0.82753 0.603194 0.331047 0.056248
0.155 0.965633 0.825385 0.59861 0.324185 0.0482016
0.156 0.965191 0.823229 0.59401 0.317323 0.0401962
0.157 0.964747 0.821062 0.589396 0.310461 0.032233
0.158 0.964301 0.818883 0.584767 0.303599 0.0243132
0.159 0.963852 0.816694 0.580123 0.296739 0.0164379
0.16 0.963399 0.814493 0.575465 0.28988 0.00860844
0.161 0.962945 0.812281 0.570794 0.283024 0.000825803
0.162 0.962487 0.810059 0.566108 0.276171 -0.00690883
0.163 0.962027 0.807825 0.561409 0.269322 -0.0145943
0.164 0.961564 0.805581 0.556697 0.262478 -0.0222296
0.165 0.961098 0.803325 0.551972 0.255639 -0.0298135
0.166 0.96063 0.801059 0.547235 0.248806 -0.0373449
0.167 0.960158 0.798783 0.542485 0.241979 -0.0448228
0.168 0.959685 0.796495 0.537723 0.235159 -0.0522461
0.169 0.959208 0.794197 0.532949 0.228348 -0.0596138
0.17 0.958729 0.791889 0.528164 0.221545 -0.0669247
0.171 0.958247 0.78957 0.523367 0.214751 -0.0741779
0.172 0.957762 0.78724 0.518559 0.207967 -0.0813723
0.173 0.957275 0.784901 0.51374 0.201194 -0.0885069
0.174 0.956784 0.78255 0.508911 0.194431 -0.0955808
0.175 0.956292 0.78019 0.504071 0.187681 -0.102593
0.176 0.955796 0.777819 0.499221 0.180943 -0.109542
0.177 0.955298 0.775438 0.494362 0.174218 -0.116428
0.178 0.954797 0.773047 0.489493 0.167507 -0.123249
0.179 0.954293 0.770646 0.484614 0.16081 -0.130004
0.18 0.953787 0.768235 0.479727 0.154128 -0.136693
0.181 0.953278 0.765814 0.474831 0.147462 -0.143314
0.182 0.952767 0.763383 0.469926 0.140812 -0.149867
0.183 0.952252 0.760942 0.465014 0.134179 -0.156351
0.184 0.951735 0.758491 0.460093 0.127564 -0.162765
0.185 0.951215 0.756031 0.455165 0.120966 -0.169108
0.186 0.950693 0.753561 0.450229 0.114388 -0.175379
0.187 0.950168 0.751081 0.445286 0.107829 -0.181577
0.188 0.94964 0.748591 0.440336 0.10129 -0.187702
0.189 0.94911 0.746093 0.43538 0.0947715 -0.193753
0.19 0.948577 0.743584 0.430417 0.0882744 -0.199729
0.191 0.948041 0.741066 0.425448 0.0817991 -0.205629
0.192 0.947503 0.738539 0.420474 0.0753464 -0.211452
0.193 0.946962 0.736003 0.415494 0.0689167 -0.217199
0.194 0.946418 0.733457 0.410508 0.0625107 -0.222867
0.195 0.945872 0.730902 0.405518 0.056129 -0.228457
0.196 0.945323 0.728338 0.400522 0.0497721 -0.233967
0.197 0.944771 0.725765 0.395523 0.0434407 -0.239397
0.198 0.944217 0.723183 0.390519 0.0371353 -0.244747
0.199 0.94366 0.720592 0.385511 0.0308565 -0.250015
0.2 0.9431 0.717992 0.380499 0.0246049 -0.255201
0.201 0.942538 0.715384 0.375484 0.0183811 -0.260305
0.202 0.941973 0.712766 0.370466 0.0121857 -0.265325
0.203 0.941405 0.71014 0.365445 0.00601909 -0.270262
0.204 0.940835 0.707505 0.360421 -0.000118009 -0.275114
0.205 0.940263 0.704861 0.355395 -0.00622508 -0.279881
0.206 0.939687 0.702209 0.350367 -0.0123016 -0.284563
0.207 0.939109 0.699549 0.345337 -0.0183469 -0.289159
0.208 0.938528 0.69688 0.340306 -0.0243606 -0.293669
0.209 0.937945 0.694202 0.335273 -0.0303421 -0.298092
0.21 0.937359 0.691517 0.33024 -0.0362908 -0.302427
0.211 0.936771 0.688823 0.325205 -0.0422062 -0.306674
0.212 0.93618 0.686121 0.32017 -0.0480878 -0.310834
0.213 0.935586 0.68341 0.315135 -0.053935 -0.314904
0.214 0.934989 0.680692 0.3101 -0.0597474 -0.318886
0.215 0.934391 0.677966 0.305065 -0.0655244 -0.322778
0.216 0.933789 0.675231 0.300031 -0.0712654 -0.32658
0.217 0.933185 0.672489 0.294997 -0.0769701 -0.330292
0.218 0.932578 0.669739 0.289965 -0.0826379 -0.333914
0.219 0.931969 0.666982 0.284934 -0.0882683 -0.337444
0.22 0.931357 0.664216 0.279905 -0.0938608 -0.340884
0.221 0.930742 0.661443 0.274878 -0.0994149 -0.344232
0.222 0.930125 0.658663 0.269852 -0.10493 -0.347489
0.223 0.929505 0.655874 0.26483 -0.110406 -0.350653
0.224 0.928883 0.653079 0.259809 -0.115842 -0.353726
0.225 0.928258 0.650276 0.254792 -0.121238 -0.356706
0.226 0.927631 0.647466 0.249778 -0.126593 -0.359594
0.227 0.927001 0.644648 0.244768 -0.131907 -0.362389
0.228 0.926368 0.641823 0.239761 -0.137179 -0.365091
0.229 0.925733 0.638991 0.234759 -0.142409 -0.3677
0.23 0.925095 0.636152 0.22976 -0.147597 -0.370216
0.231 0.924455 0.633306 0.224766 -0.152741 -0.372639
0.232 0.923812 0.630453 0.219777 -0.157843 -0.374968
0.233 0.923167 0.627594 0.214793 -0.1629 -0.377204
0.234 0.922519 0.624727 0.209814 -0.167913 -0.379347
0.235 0.921868 0.621854 0.204841 -0.172882 -0.381396
0.236 0.921215 0.618974 0.199874 -0.177805 -0.383352
0.237 0.920559 0.616087 0.194913 -0.182683 -0.385214
0.238 0.919901 0.613194 0.189958 -0.187515 -0.386982
0.239 0.91924 0.610294 0.185009 -0.192301 -0.388657
0.24 0.918577 0.607388 0.180068 -0.19704 -0.390239
0.241 0.917911 0.604475 0.175133 -0.201732 -0.391727
0.242 0.917243 0.601556 0.170206 -0.206376 -0.393122
0.243 0.916572 0.598631 0.165287 -0.210973 -0.394424
0.244 0.915899 0.5957 0.160375 -0.215522 -0.395633
0.245 0.915223 0.592762 0.155471 -0.220022 -0.396749
0.246 0.914545 0.589819 0.150576 -0.224473 -0.397772
0.247 0.913864 0.586869 0.14569 -0.228876 -0.398702
0.248 0.91318 0.583914 0.140812 -0.233228 -0.39954
0.249 0.912494 0.580953 0.135943 -0.237531 -0.400286
0.25 0.911806 0.577986 0.131084 -0.241783 -0.40094
0.251 0.911115 0.575013 0.126234 -0.245985 -0.401502
0.252 0.910421 0.572035 0.121395 -0.250137 -0.401973
0.253 0.909725 0.569051 0.116565 -0.254237 -0.402352
0.254 0.909027 0.566061 0.111746 -0.258285 -0.40264
0.255 0.908326 0.563066 0.106937 -0.262282 -0.402838
0.256 0.907622 0.560066 0.102139 -0.266227 -0.402945
0.257 0.906916 0.55706 0.097352 -0.27012 -0.402962
0.258 0.906208 0.554049 0.0925765 -0.27396 -0.40289
0.259 0.905497 0.551033 0.0878125 -0.277747 -0.402728
0.26 0.904784 0.548012 0.0830603 -0.281481 -0.402477
0.261 0.904068 0.544986 0.0783202 -0.285161 -0.402138
0.262 0.90335 0.541954 0.0735923 -0.288788 -0.40171
0.263 0.902629 0.538918 0.0688769 -0.292361 -0.401195
0.264 0.901905 0.535877 0.0641743 -0.29588 -0.400592
0.265 0.90118 0.532831 0.0594847 -0.299345 -0.399903
0.266 0.900451 0.529781 0.0548083 -0.302755 -0.399128
0.267 0.899721 0.526726 0.0501454 -0.30611 -0.398266
0.268 0.898988 0.523666 0.0454961 -0.30941 -0.397319
0.269 0.898252 0.520601 0.0408607 -0.312655 -0.396287
0.27 0.897514 0.517533 0.0362395 -0.315844 -0.395171
0.271 0.896774 0.51446 0.0316327 -0.318978 -0.393972
0.272 0.896031 0.511382 0.0270405 -0.322056 -0.392689
0.273 0.895285 0.5083 0.0224631 -0.325079 -0.391323
0.274 0.894538 0.505214 0.0179008 -0.328045 -0.389875
0.275 0.893787 0.502124 0.0133537 -0.330954 -0.388346
0.276 0.893035 0.49903 0.00882216 -0.333807 -0.386736
0.277 0.89228 0.495932 0.00430635 -0.336604 -0.385046
0.278 0.891522 0.49283 -0.000193511 -0.339344 -0.383276
0.279 0.890762 0.489725 -0.0046772 -0.342027 -0.381427
0.28 0.89 0.486615 -0.0091445 -0.344652 -0.379501
0.281 0.889235 0.483502 -0.0135952 -0.347221 -0.377496
0.282 0.888468 0.480385 -0.0180291 -0.349732 -0.375415
0.283 0.887699 0.477264 -0.0224459 -0.352186 -0.373257
0.284 0.886927 0.474141 -0.0268454 -0.354582 -0.371025
0.285 0.886152 0.471013 -0.0312275 -0.356921 -0.368717
0.286 0.885376 0.467882 -0.0355919 -0.359202 -0.366336
0.287 0.884596 0.464748 -0.0399385 -0.361425 -0.363881
0.288 0.883815 0.461611 -0.0442669 -0.363591 -0.361354
0.289 0.883031 0.458471 -0.048577 -0.365698 -0.358755
0.29 0.882245 0.455327 -0.0528686 -0.367747 -0.356086
0.291 0.881456 0.452181 -0.0571414 -0.369739 -0.353346
0.292 0.880665 0.449031 -0.0613954 -0.371672 -0.350537
0.293 0.879872 0.445879 -0.0656302 -0.373547 -0.34766
0.294 0.879076 0.442724 -0.0698456 -0.375363 -0.344716
0.295 0.878278 0.439566 -0.0740416 -0.377122 -0.341704
0.296 0.877477 0.436405 -0.0782178 -0.378822 -0.338627
0.297 0.876674 0.433242 -0.082374 -0.380464 -0.335485
0.298 0.875869 0.430076 -0.0865102 -0.382048 -0.332279
0.299 0.875061 0.426908 -0.090626 -0.383573 -0.329009
0.3 0.874251 0.423737 -0.0947213 -0.38504 -0.325678
0.301 0.873439 0.420564 -0.0987959 -0.386448 -0.322285
0.302 0.872625 0.417389 -0.10285 -0.387799 -0.318831
0.303 0.871808 0.414212 -0.106882 -0.389091 -0.315318
0.304 0.870988 0.411032 -0.110894 -0.390324 -0.311747
0.305 0.870167 0.407851 -0.114883 -0.3915 -0.308117
0.306 0.869343 0.404667 -0.118852 -0.392617 -0.304431
0.307 0.868516 0.401482 -0.122798 -0.393677 -0.30069
0.308 0.867688 0.398294 -0.126723 -0.394678 -0.296894
0.309 0.866857 0.395105 -0.130625 -0.395621 -0.293044
0.31 0.866024 0.391914 -0.134505 -0.396506 -0.289141
0.311 0.865188 0.388722 -0.138362 -0.397333 -0.285186
0.312 0.86435 0.385528 -0.142196 -0.398103 -0.281181
0.313 0.86351 0.382333 -0.146008 -0.398815 -0.277126
0.314 0.862668 0.379136 -0.149797 -0.399469 -0.273022
0.315 0.861823 0.375937 -0.153562 -0.400066 -0.268871
0.316 0.860976 0.372738 -0.157304 -0.400605 -0.264672
0.317 0.860127 0.369537 -0.161022 -0.401087 -0.260429
0.318 0.859275 0.366335 -0.164717 -0.401511 -0.25614
0.319 0.858421 0.363132 -0.168388 -0.401879 -0.251808
0.32 0.857565 0.359928 -0.172034 -0.40219 -0.247434
0.321 0.856707 0.356723 -0.175657 -0.402444 -0.243018
0.322 0.855846 0.353517 -0.179255 -0.402641 -0.238562
0.323 0.854983 0.35031 -0.182828 -0.402782 -0.234067
0.324 0.854118 0.347103 -0.186377 -0.402867 -0.229534
0.325 0.85325 0.343895 -0.189901 -0.402895 -0.224963
0.326 0.852381 0.340686 -0.1934 -0.402867 -0.220356
0.327 0.851509 0.337477 -0.196873 -0.402784 -0.215715
0.328 0.850634 0.334267 -0.200322 -0.402645 -0.211039
0.329 0.849758 0.331057 -0.203744 -0.40245 -0.206331
0.33 0.848879 0.327847 -0.207142 -0.4022 -0.201592
0.331 0.847998 0.324636 -0.210513 -0.401895 -0.196821
0.332 0.847115 0.321425 -0.213859 -0.401536 -0.192022
0.333 0.84623 0.318214 -0.217178 -0.401121 -0.187194
0.334 0.845342 0.315003 -0.220472 -0.400652 -0.182339
0.335 0.844452 0.311793 -0.223739 -0.400129 -0.177458
0.336 0.84356 0.308582 -0.226979 -0.399552 -0.172551
0.337 0.842666 0.305371 -0.230193 -0.398921 -0.167622
0.338 0.841769 0.30216 -0.233381 -0.398237 -0.162669
0.339 0.840871 0.29895 -0.236541 -0.3975 -0.157695
0.34 0.83997 0.29574 -0.239674 -0.396709 -0.1527
0.341 0.839067 0.292531 -0.242781 -0.395866 -0.147686
0.342 0.838161 0.289322 -0.24586 -0.39497 -0.142654
0.343 0.837254 0.286114 -0.248911 -0.394022 -0.137605
0.344 0.836344 0.282906 -0.251936 -0.393022 -0.13254
0.345 0.835433 0.279699 -0.254932 -0.391971 -0.12746
0.346 0.834518 0.276493 -0.257901 -0.390868 -0.122367
0.347 0.833602 0.273288 -0.260842 -0.389714 -0.117261
0.348 0.832684 0.270083 -0.263755 -0.388509 -0.112143
0.349 0.831763 0.26688 -0.26664 -0.387254 -0.107015
0.35 0.830841 0.263678 -0.269497 -0.385948 -0.101879
0.351 0.829916 0.260476 -0.272325 -0.384593 -0.0967337
0.352 0.828989 0.257276 -0.275125 -0.383188 -0.091582
0.353 0.82806 0.254077 -0.277897 -0.381735 -0.0864245
0.354 0.827128 0.25088 -0.28064 -0.380232 -0.0812623
0.355 0.826195 0.247684 -0.283354 -0.37868 -0.0760966
0.356 0.825259 0.244489 -0.28604 -0.377081 -0.0709286
0.357 0.824322 0.241296 -0.288696 -0.375433 -0.0657592
0.358 0.823382 0.238104 -0.291324 -0.373738 -0.0605897
0.359 0.82244 0.234915 -0.293922 -0.371996 -0.055421
0.36 0.821496 0.231726 -0.296491 -0.370207 -0.0502545
0.361 0.82055 0.22854 -0.299031 -0.368372 -0.0450911
0.362 0.819601 0.225356 -0.301542 -0.366491 -0.0399319
0.363 0.818651 0.222173 -0.304023 -0.364564 -0.0347781
0.364 0.817698 0.218993 -0.306474 -0.362591 -0.0296307
0.365 0.816744 0.215814 -0.308896 -0.360574 -0.0244909
0.366 0.815787 0.212638 -0.311288 -0.358512 -0.0193596
0.367 0.814828 0.209464 -0.313651 -0.356406 -0.0142381
0.368 0.813867 0.206292 -0.315983 -0.354257 -0.0091273
0.369 0.812904 0.203122 -0.318286 -0.352064 -0.00402836
0.37 0.811939 0.199955 -0.320558 -0.349828 0.00105767
0.371 0.810972 0.19679 -0.322801 -0.347549 0.00612975
0.372 0.810003 0.193628 -0.325013 -0.345229 0.0111868
0.373 0.809031 0.190469 -0.327195 -0.342866 0.0162278
0.374 0.808058 0.187312 -0.329347 -0.340463 0.0212517
0.375 0.807082 0.184158 -0.331468 -0.338018 0.0262574
0.376 0.806105 0.181007 -0.333559 -0.335534 0.031244
0.377 0.805125 0.177858 -0.335619 -0.333009 0.0362104
0.378 0.804144 0.174713 -0.337649 -0.330445 0.0411555
0.379 0.80316 0.17157 -0.339648 -0.327841 0.0460784
0.38 0.802174 0.168431 -0.341617 -0.325199 0.0509781
0.381 0.801187 0.165294 -0.343555 -0.322519 0.0558536
0.382 0.800197 0.162161 -0.345462 -0.319801 0.0607039
0.383 0.799205 0.159031 -0.347338 -0.317045 0.065528
0.384 0.798211 0.155905 -0.349184 -0.314253 0.0703249
0.385 0.797216 0.152782 -0.350998 -0.311425 0.0750937
0.386 0.796218 0.149662 -0.352782 -0.30856 0.0798334
0.387 0.795218 0.146546 -0.354535 -0.305661 0.0845431
0.388 0.794216 0.143433 -0.356256 -0.302726 0.0892218
0.389 0.793212 0.140324 -0.357947 -0.299756 0.0938686
0.39 0.792206 0.137219 -0.359606 -0.296753 0.0984826
0.391 0.791199 0.134117 -0.361234 -0.293716 0.103063
0.392 0.790189 0.13102 -0.362832 -0.290647 0.107608
0.393 0.789177 0.127926 -0.364397 -0.287544 0.112119
0.394 0.788163 0.124836 -0.365932 -0.28441 0.116592
0.395 0.787147 0.121751 -0.367436 -0.281244 0.121029
0.396 0.78613 0.118669 -0.368908 -0.278047 0.125427
0.397 0.78511 0.115592 -0.370349 -0.27482 0.129786
0.398 0.784088 0.112518 -0.371758 -0.271562 0.134105
0.399 0.783065 0.109449 -0.373137 -0.268275 0.138384
0.4 0.782039 0.106385 -0.374483 -0.264959 0.142621
0.401 0.781011 0.103325 -0.375799 -0.261615 0.146816
0.402 0.779982 0.100269 -0.377083 -0.258242 0.150968
0.403 0.778951 0.097218 -0.378336 -0.254842 0.155076
0.404 0.777917 0.0941714 -0.379557 -0.251415 0.159139
0.405 0.776882 0.0911296 -0.380747 -0.247962 0.163156
0.406 0.775845 0.0880925 -0.381906 -0.244483 0.167128
0.407 0.774806 0.0850601 -0.383033 -0.240978 0.171052
0.408 0.773765 0.0820327 -0.384129 -0.237449 0.174929
0.409 0.772722 0.0790101 -0.385193 -0.233895 0.178757
0.41 0.771677 0.0759925 -0.386226 -0.230317 0.182537
0.411 0.77063 0.07298 -0.387228 -0.226716 0.186266
0.412 0.769581 0.0699725 -0.388198 -0.223093 0.189945
0.413 0.768531 0.0669703 -0.389137 -0.219447 0.193573
0.414 0.767478 0.0639732 -0.390044 -0.215779 0.197148
0.415 0.766424 0.0609814 -0.390921 -0.212091 0.200672
0.416 0.765368 0.057995 -0.391765 -0.208382 0.204142
0.417 0.76431 0.055014 -0.392579 -0.204652 0.207558
0.418 0.76325 0.0520385 -0.393361 -0.200904 0.21092
0.419 0.762188 0.0490684 -0.394112 -0.197136 0.214227
0.42 0.761124 0.046104 -0.394832 -0.19335 0.217479
0.421 0.760058 0.0431452 -0.39552 -0.189546 0.220674
0.422 0.758991 0.0401922 -0.396177 -0.185725 0.223813
0.423 0.757922 0.0372448 -0.396803 -0.181888 0.226894
0.424 0.75685 0.0343034 -0.397398 -0.178033 0.229918
0.425 0.755778 0.0313678 -0.397962 -0.174164 0.232883
0.426 0.754703 0.0284381 -0.398494 -0.170279 0.235789
0.427 0.753626 0.0255145 -0.398996 -0.16638 0.238637
0.428 0.752548 0.0225969 -0.399467 -0.162466 0.241424
0.429 0.751467 0.0196854 -0.399906 -0.15854 0.244151
0.43 0.750385 0.0167801 -0.400315 -0.1546 0.246818
0.431 0.749301 0.0138811 -0.400693 -0.150648 0.249423
0.432 0.748215 0.0109883 -0.40104 -0.146685 0.251967
0.433 0.747128 0.00810194 -0.401356 -0.14271 0.254449
0.434 0.746039 0.00522196 -0.401642 -0.138724 0.256868
0.435 0.744947 0.00234845 -0.401897 -0.134729 0.259225
0.436 0.743854 -0.000518541 -0.402121 -0.130724 0.261519
0.437 0.74276 -0.00337894 -0.402314 -0.12671 0.263749
0.438 0.741663 -0.0062327 -0.402477 -0.122687 0.265915
0.439 0.740565 -0.00907977 -0.40261 -0.118657 0.268017
0.44 0.739465 -0.0119201 -0.402712 -0.114619 0.270055
0.441 0.738363 -0.0147536 -0.402784 -0.110575 0.272028
0.442 0.73726 -0.0175802 -0.402826 -0.106524 0.273936
0.443 0.736154 -0.0203999 -0.402837 -0.102468 0.275779
0.444 0.735047 -0.0232127 -0.402818 -0.0984066 0.277556
0.445 0.733938 -0.0260183 -0.402769 -0.0943407 0.279268
0.446 0.732828 -0.028817 -0.40269 -0.0902709 0.280913
0.447 0.731715 -0.0316084 -0.402582 -0.0861977 0.282492
0.448 0.730601 -0.0343927 -0.402443 -0.0821216 0.284005
0.449 0.729485 -0.0371697 -0.402274 -0.0780431 0.285451
0.45 0.728368 -0.0399394 -0.402076 -0.073963 0.286831
0.451 0.727249 -0.0427017 -0.401849 -0.0698816 0.288143
0.452 0.726128 -0.0454567 -0.401591 -0.0657995 0.289389
0.453 0.725005 -0.0482041 -0.401304 -0.0617174 0.290567
0.454 0.723881 -0.050944 -0.400988 -0.0576356 0.291678
0.455 0.722755 -0.0536764 -0.400643 -0.0535549 0.292722
0.456 0.721627 -0.0564011 -0.400268 -0.0494756 0.293698
0.457 0.720497 -0.0591181 -0.399864 -0.0453984 0.294607
0.458 0.719366 -0.0618274 -0.399432 -0.0413239 0.295448
0.459 0.718233 -0.064529 -0.39897 -0.0372525 0.296221
0.46 0.717099 -0.0672226 -0.398479 -0.0331847 0.296927
0.461 0.715963 -0.0699084 -0.39796 -0.0291212 0.297566
0.462 0.714825 -0.0725862 -0.397412 -0.0250625 0.298136
0.463 0.713685 -0.075256 -0.396836 -0.0210091 0.298639
0.464 0.712544 -0.0779178 -0.396231 -0.0169614 0.299075
0.465 0.711401 -0.0805715 -0.395598 -0.0129202 0.299443
0.466 0.710257 -0.083217 -0.394936 -0.00888581 0.299743
0.467 0.709111 -0.0858544 -0.394247 -0.00485886 0.299977
0.468 0.707963 -0.0884834 -0.393529 -0.000839844 0.300142
0.469 0.706814 -0.0911042 -0.392784 0.00317071 0.300241
0.47 0.705663 -0.0937166 -0.392011 0.00717228 0.300273
0.471 0.70451 -0.0963206 -0.39121 0.0111644 0.300238
0.472 0.703356 -0.0989162 -0.390382 0.0151464 0.300136
0.473 0.7022 -0.101503 -0.389526 0.0191179 0.299967
0.474 0.701042 -0.104082 -0.388642 0.0230784 0.299732
0.475 0.699883 -0.106652 -0.387732 0.0270273 0.299431
0.476 0.698722 -0.109213 -0.386795 0.0309642 0.299064
0.477 0.69756 -0.111765 -0.38583 0.0348885 0.298631
0.478 0.696396 -0.114309 -0.384839 0.0387998 0.298132
0.479 0.695231 -0.116844 -0.383821 0.0426975 0.297568
0.48 0.694064 -0.119371 -0.382776 0.0465811 0.296939
0.481 0.692895 -0.121888 -0.381706 0.0504502 0.296245
0.482 0.691725 -0.124396 -0.380608 0.0543042 0.295487
0.483 0.690553 -0.126896 -0.379485 0.0581427 0.294665
0.484 0.68938 -0.129386 -0.378335 0.0619652 0.293778
0.485 0.688205 -0.131867 -0.37716 0.0657712 0.292828
0.486 0.687029 -0.134339 -0.375958 0.0695602 0.291815
0.487 0.685851 -0.136802 -0.374732 0.0733318 0.290739
0.488 0.684671 -0.139256 -0.373479 0.0770855 0.2896
0.489 0.68349 -0.141701 -0.372201 0.0808207 0.2884
0.49 0.682308 -0.144136 -0.370898 0.0845372 0.287137
0.491 0.681124 -0.146562 -0.36957 0.0882343 0.285813
0.492 0.679938 -0.148978 -0.368217 0.0919116 0.284429
0.493 0.678751 -0.151385 -0.36684 0.0955687 0.282983
0.494 0.677562 -0.153783 -0.365437 0.0992051 0.281478
0.495 0.676372 -0.156171 -0.36401 0.10282 0.279913
0.496 0.67518 -0.158549 -0.362559 0.106414 0.278289
0.497 0.673987 -0.160918 -0.361084 0.109986 0.276606
0.498 0.672793 -0.163277 -0.359584 0.113535 0.274865
0.499 0.671596 -0.165627 -0.358061 0.117061 0.273066
0.5 0.670399 -0.167966 -0.356514 0.120564 0.271211
0.501 0.6692 -0.170296 -0.354943 0.124044 0.269298
0.502 0.667999 -0.172616 -0.353349 0.127499 0.267329
0.503 0.666797 -0.174927 -0.351732 0.130929 0.265305
0.504 0.665594 -0.177227 -0.350091 0.134335 0.263226
0.505 0.664389 -0.179517 -0.348428 0.137715 0.261092
0.506 0.663183 -0.181798 -0.346742 0.14107 0.258904
0.507 0.661975 -0.184068 -0.345033 0.144398 0.256663
0.508 0.660766 -0.186329 -0.343302 0.147699 0.25437
0.509 0.659555 -0.188579 -0.341548 0.150974 0.252024
0.51 0.658343 -0.190819 -0.339773 0.154221 0.249626
0.511 0.657129 -0.193049 -0.337975 0.15744 0.247178
0.512 0.655914 -0.195268 -0.336156 0.160631 0.24468
0.513 0.654698 -0.197478 -0.334315 0.163794 0.242132
0.514 0.65348 -0.199677 -0.332453 0.166928 0.239535
0.515 0.652261 -0.201865 -0.33057 0.170032 0.236889
0.516 0.65104 -0.204044 -0.328665 0.173107 0.234197
0.517 0.649818 -0.206212 -0.32674 0.176152 0.231457
0.518 0.648595 -0.208369 -0.324794 0.179167 0.228671
0.519 0.64737 -0.210516 -0.322827 0.18215 0.225839
0.52 0.646144 -0.212652 -0.32084 0.185103 0.222963
0.521 0.644917 -0.214778 -0.318833 0.188025 0.220042
0.522 0.643688 -0.216893 -0.316806 0.190914 0.217078
0.523 0.642458 -0.218998 -0.314759 0.193772 0.214072
0.524 0.641226 -0.221092 -0.312692 0.196597 0.211023
0.525 0.639993 -0.223175 -0.310606 0.19939 0.207934
0.526 0.638759 -0.225247 -0.3085 0.202149 0.204803
0.527 0.637523 -0.227309 -0.306376 0.204876 0.201634
0.528 0.636286 -0.22936 -0.304233 0.207568 0.198425
0.529 0.635048 -0.2314 -0.302071 0.210227 0.195178
0.53 0.633809 -0.233429 -0.29989 0.212852 0.191894
0.531 0.632568 -0.235447 -0.297691 0.215442 0.188574
0.532 0.631325 -0.237454 -0.295474 0.217997 0.185218
0.533 0.630082 -0.23945 -0.29324 0.220517 0.181826
0.534 0.628837 -0.241435 -0.290987 0.223002 0.178401
0.535 0.627591 -0.243409 -0.288717 0.225451 0.174942
0.536 0.626344 -0.245372 -0.286429 0.227864 0.171451
0.537 0.625095 -0.247324 -0.284125 0.230242 0.167929
0.538 0.623845 -0.249265 -0.281803 0.232582 0.164375
0.539 0.622594 -0.251194 -0.279465 0.234886 0.160791
0.54 0.621341 -0.253113 -0.27711 0.237154 0.157178
0.541 0.620087 -0.25502 -0.274738 0.239384 0.153537
0.542 0.618832 -0.256915 -0.272351 0.241576 0.149869
0.543 0.617576 -0.2588 -0.269947 0.243732 0.146174
0.544 0.616318 -0.260673 -0.267528 0.245849 0.142453
0.545 0.615059 -0.262535 -0.265093 0.247928 0.138707
0.546 0.613799 -0.264385 -0.262643 0.249969 0.134937
0.547 0.612538 -0.266224 -0.260178 0.251972 0.131144
0.548 0.611275 -0.268052 -0.257697 0.253936 0.127329
0.549 0.610012 -0.269867 -0.255202 0.255861 0.123492
0.55 0.608747 -0.271672 -0.252693 0.257747 0.119635
0.551 0.60748 -0.273465 -0.250169 0.259594 0.115759
0.552 0.606213 -0.275246 -0.247631 0.261401 0.111863
0.553 0.604944 -0.277016 -0.245079 0.263169 0.10795
0.554 0.603675 -0.278774 -0.242513 0.264897 0.104019
0.555 0.602404 -0.280521 -0.239934 0.266586 0.100073
0.556 0.601131 -0.282255 -0.237341 0.268234 0.0961115
0.557 0.599858 -0.283979 -0.234736 0.269842 0.0921357
0.558 0.598583 -0.28569 -0.232117 0.271409 0.0881465
0.559 0.597308 -0.28739 -0.229486 0.272936 0.0841448
0.56 0.596031 -0.289077 -0.226843 0.274423 0.0801315
0.561 0.594753 -0.290753 -0.224187 0.275869 0.0761075
0.562 0.593474 -0.292418 -0.221519 0.277273 0.0720738
0.563 0.592193 -0.29407 -0.218839 0.278637 0.0680312
0.564 0.590912 -0.29571 -0.216148 0.27996 0.0639806
0.565 0.589629 -0.297339 -0.213445 0.281241 0.0599229
0.566 0.588345 -0.298956 -0.210731 0.282482 0.0558591
0.567 0.58706 -0.30056 -0.208006 0.28368 0.05179
0.568 0.585774 -0.302153 -0.205271 0.284838 0.0477166
0.569 0.584487 -0.303734 -0.202524 0.285953 0.0436397
0.57 0.583199 -0.305302 -0.199768 0.287027 0.0395602
0.571 0.58191 -0.306859 -0.197001 0.288059 0.0354791
0.572 0.580619 -0.308404 -0.194225 0.28905 0.0313972
0.573 0.579328 -0.309936 -0.191439 0.289998 0.0273155
0.574 0.578035 -0.311457 -0.188643 0.290905 0.0232348
0.575 0.576741 -0.312965 -0.185838 0.291769 0.019156
0.576 0.575447 -0.314461 -0.183024 0.292592 0.0150801
0.577 0.574151 -0.315945 -0.180201 0.293373 0.0110078
0.578 0.572854 -0.317417 -0.17737 0.294111 0.0069402
0.579 0.571556 -0.318877 -0.17453 0.294807 0.00287805
0.58 0.570257 -0.320324 -0.171682 0.295461 -0.00117773
0.581 0.568957 -0.321759 -0.168827 0.296073 -0.00522626
0.582 0.567655 -0.323182 -0.165963 0.296643 -0.00926667
0.583 0.566353 -0.324593 -0.163092 0.297171 -0.0132981
0.584 0.56505 -0.325991 -0.160214 0.297656 -0.0173196
0.585 0.563746 -0.327377 -0.157329 0.2981 -0.0213304
0.586 0.56244 -0.328751 -0.154436 0.298501 -0.0253296
0.587 0.561134 -0.330112 -0.151538 0.29886 -0.0293164
0.588 0.559827 -0.331461 -0.148633 0.299177 -0.0332898
0.589 0.558518 -0.332798 -0.145721 0.299451 -0.037249
0.59 0.557209 -0.334122 -0.142804 0.299684 -0.0411933
0.591 0.555899 -0.335434 -0.139881 0.299875 -0.0451217
0.592 0.554587 -0.336733 -0.136952 0.300024 -0.0490334
0.593 0.553275 -0.33802 -0.134018 0.300131 -0.0529276
0.594 0.551962 -0.339295 -0.131079 0.300195 -0.0568035
0.595 0.550647 -0.340557 -0.128136 0.300219 -0.0606601
0.596 0.549332 -0.341807 -0.125187 0.3002 -0.0644968
0.597 0.548016 -0.343044 -0.122234 0.30014 -0.0683128
0.598 0.546699 -0.344268 -0.119277 0.300038 -0.0721071
0.599 0.545381 -0.34548 -0.116316 0.299895 -0.075879
0.6 0.544062 -0.34668 -0.113351 0.29971 -0.0796277
0.601 0.542742 -0.347867 -0.110383 0.299484 -0.0833525
0.602 0.541421 -0.349041 -0.107411 0.299217 -0.0870525
0.603 0.540099 -0.350203 -0.104436 0.298908 -0.090727
0.604 0.538776 -0.351352 -0.101459 0.298559 -0.0943752
0.605 0.537452 -0.352489 -0.0984784 0.298169 -0.0979963
0.606 0.536127 -0.353613 -0.0954956 0.297738 -0.10159
0.607 0.534802 -0.354724 -0.0925106 0.297266 -0.105154
0.608 0.533475 -0.355823 -0.0895236 0.296754 -0.10869
0.609 0.532148 -0.35691 -0.0865348 0.296201 -0.112195
0.61 0.53082 -0.357983 -0.0835444 0.295608 -0.11567
0.611 0.529491 -0.359044 -0.0805527 0.294976 -0.119114
0.612 0.528161 -0.360092 -0.0775598 0.294303 -0.122525
0.613 0.52683 -0.361128 -0.0745661 0.29359 -0.125903
0.614 0.525498 -0.362151 -0.0715716 0.292838 -0.129248
0.615 0.524165 -0.363161 -0.0685767 0.292046 -0.132558
0.616 0.522832 -0.364159 -0.0655815 0.291215 -0.135834
0.617 0.521498 -0.365144 -0.0625862 0.290345 -0.139074
0.618 0.520162 -0.366116 -0.0595912 0.289436 -0.142278
0.619 0.518826 -0.367075 -0.0565965 0.288489 -0.145445
0.62 0.51749 -0.368022 -0.0536024 0.287502 -0.148575
0.621 0.516152 -0.368956 -0.0506091 0.286478 -0.151666
0.622 0.514813 -0.369877 -0.0476168 0.285415 -0.154719
0.623 0.513474 -0.370786 -0.0446258 0.284315 -0.157732
0.624 0.512134 -0.371681 -0.0416363 0.283176 -0.160705
0.625 0.510793 -0.372565 -0.0386484 0.282 -0.163638
0.626 0.509451 -0.373435 -0.0356624 0.280787 -0.16653
0.627 0.508108 -0.374292 -0.0326786 0.279537 -0.16938
0.628 0.506765 -0.375137 -0.029697 0.27825 -0.172188
0.629 0.505421 -0.375969 -0.0267179 0.276926 -0.174953
0.63 0.504076 -0.376789 -0.0237416 0.275566 -0.177674
0.631 0.50273 -0.377595 -0.0207682 0.27417 -0.180352
0.632 0.501384 -0.378389 -0.017798 0.272738 -0.182985
0.633 0.500037 -0.37917 -0.0148312 0.271271 -0.185574
0.634 0.498689 -0.379938 -0.0118679 0.269768 -0.188117
0.635 0.49734 -0.380694 -0.00890839 0.26823 -0.190614
0.636 0.49599 -0.381436 -0.00595289 0.266657 -0.193064
0.637 0.49464 -0.382166 -0.00300158 0.265049 -0.195468
0.638 0.493289 -0.382883 -5.46787e-05 0.263407 -0.197825
0.639 0.491937 -0.383588 0.00288761 0.261732 -0.200134
0.64 0.490585 -0.384279 0.00582509 0.260022 -0.202394
0.641 0.489232 -0.384958 0.00875754 0.258279 -0.204607
0.642 0.487878 -0.385624 0.0116848 0.256503 -0.20677
0.643 0.486523 -0.386277 0.0146066 0.254694 -0.208883
0.644 0.485168 -0.386918 0.0175227 0.252853 -0.210947
0.645 0.483812 -0.387546 0.0204331 0.250979 -0.212961
0.646 0.482456 -0.388161 0.0233373 0.249073 -0.214924
0.647 0.481098 -0.388763 0.0262354 0.247136 -0.216836
0.648 0.47974 -0.389352 0.029127 0.245167 -0.218697
0.649 0.478381 -0.389929 0.032012 0.243167 -0.220507
0.65 0.477022 -0.390493 0.0348901 0.241137 -0.222264
0.651 0.475662 -0.391044 0.0377612 0.239076 -0.22397
0.652 0.474301 -0.391583 0.0406251 0.236985 -0.225623
0.653 0.47294 -0.392109 0.0434816 0.234864 -0.227223
0.654 0.471578 -0.392622 0.0463304 0.232714 -0.22877
0.655 0.470215 -0.393122 0.0491714 0.230535 -0.230264
0.656 0.468852 -0.393609 0.0520044 0.228328 -0.231704
0.657 0.467488 -0.394084 0.0548292 0.226092 -0.23309
0.658 0.466124 -0.394546 0.0576456 0.223828 -0.234423
0.659 0.464759 -0.394996 0.0604534 0.221536 -0.235701
0.66 0.463393 -0.395432 0.0632524 0.219217 -0.236925
0.661 0.462027 -0.395857 0.0660424 0.216871 -0.238094
0.662 0.46066 -0.396268 0.0688233 0.214498 -0.239208
0.663 0.459292 -0.396667 0.0715949 0.2121 -0.240268
0.664 0.457924 -0.397052 0.0743569 0.209675 -0.241272
0.665 0.456555 -0.397426 0.0771092 0.207225 -0.242221
0.666 0.455186 -0.397787 0.0798516 0.20475 -0.243115
0.667 0.453816 -0.398135 0.0825839 0.20225 -0.243953
0.668 0.452446 -0.39847 0.0853059 0.199726 -0.244736
0.669 0.451075 -0.398793 0.0880175 0.197178 -0.245463
0.67 0.449703 -0.399103 0.0907185 0.194606 -0.246134
0.671 0.448331 -0.3994 0.0934086 0.192011 -0.24675
0.672 0.446958 -0.399685 0.0960878 0.189393 -0.247309
0.673 0.445585 -0.399958 0.0987557 0.186753 -0.247813
0.674 0.444212 -0.400218 0.101412 0.184091 -0.248261
0.675 0.442837 -0.400465 0.104057 0.181407 -0.248652
0.676 0.441463 -0.400699 0.106691 0.178702 -0.248988
0.677 0.440087 -0.400922 0.109312 0.175976 -0.249268
0.678 0.438711 -0.401131 0.111922 0.17323 -0.249492
0.679 0.437335 -0.401328 0.114519 0.170464 -0.24966
0.68 0.435958 -0.401513 0.117104 0.167678 -0.249773
0.681 0.434581 -0.401685 0.119676 0.164873 -0.249829
0.682 0.433203 -0.401845 0.122236 0.162049 -0.24983
0.683 0.431825 -0.401992 0.124783 0.159206 -0.249775
0.684 0.430446 -0.402127 0.127316 0.156346 -0.249665
0.685 0.429067 -0.402249 0.129837 0.153469 -0.249499
0.686 0.427688 -0.402359 0.132344 0.150574 -0.249278
0.687 0.426308 -0.402456 0.134837 0.147662 -0.249002
0.688 0.424927 -0.402541 0.137317 0.144734 -0.24867
0.689 0.423546 -0.402614 0.139783 0.141791 -0.248284
0.69 0.422164 -0.402675 0.142235 0.138831 -0.247843
0.691 0.420783 -0.402723 0.144672 0.135857 -0.247347
0.692 0.4194 -0.402758 0.147096 0.132869 -0.246798
0.693 0.418018 -0.402782 0.149504 0.129866 -0.246193
0.694 0.416634 -0.402793 0.151899 0.126849 -0.245535
0.695 0.415251 -0.402792 0.154278 0.123819 -0.244824
0.696 0.413867 -0.402778 0.156642 0.120777 -0.244059
0.697 0.412482 -0.402753 0.158992 0.117722 -0.24324
0.698 0.411098 -0.402715 0.161326 0.114655 -0.242369
0.699 0.409713 -0.402665 0.163644 0.111576 -0.241444
0.7 0.408327 -0.402602 0.165947 0.108486 -0.240468
0.701 0.406941 -0.402528 0.168235 0.105386 -0.239439
0.702 0.405555 -0.402441 0.170506 0.102276 -0.238358
0.703 0.404168 -0.402343 0.172762 0.0991552 -0.237226
0.704 0.402781 -0.402232 0.175001 0.0960256 -0.236043
0.705 0.401394 -0.402109 0.177224 0.092887 -0.234808
0.706 0.400006 -0.401974 0.179431 0.08974 -0.233524
0.707 0.398618 -0.401827 0.181621 0.086585 -0.232189
0.708 0.39723 -0.401668 0.183794 0.0834224 -0.230804
0.709 0.395841 -0.401497 0.185951 0.0802527 -0.229369
0.71 0.394452 -0.401314 0.188091 0.0770763 -0.227886
0.711 0.393062 -0.40112 0.190213 0.0738937 -0.226354
0.712 0.391673 -0.400913 0.192319 0.0707052 -0.224774
0.713 0.390283 -0.400694 0.194407 0.0675115 -0.223146
0.714 0.388892 -0.400463 0.196478 0.0643128 -0.22147
0.715 0.387502 -0.400221 0.198531 0.0611097 -0.219748
0.716 0.386111 -0.399967 0.200566 0.0579026 -0.217979
0.717 0.38472 -0.3997 0.202583 0.0546919 -0.216164
0.718 0.383328 -0.399422 0.204583 0.051478 -0.214303
0.719 0.381936 -0.399133 0.206564 0.0482615 -0.212397
0.72 0.380544 -0.398831 0.208527 0.0450428 -0.210447
0.721 0.379152 -0.398518 0.210472 0.0418223 -0.208452
0.722 0.377759 -0.398193 0.212399 0.0386004 -0.206414
0.723 0.376367 -0.397857 0.214307 0.0353776 -0.204333
0.724 0.374974 -0.397509 0.216196 0.0321544 -0.202209
0.725 0.37358 -0.397149 0.218066 0.0289311 -0.200043
0.726 0.372187 -0.396778 0.219918 0.0257083 -0.197835
0.727 0.370793 -0.396395 0.22175 0.0224863 -0.195586
0.728 0.369399 -0.396 0.223564 0.0192657 -0.193297
0.729 0.368005 -0.395594 0.225358 0.0160468 -0.190968
0.73 0.36661 -0.395177 0.227133 0.0128301 -0.1886
0.731 0.365216 -0.394748 0.228888 0.00961595 -0.186193
0.732 0.363821 -0.394308 0.230624 0.0064049 -0.183747
0.733 0.362426 -0.393856 0.232341 0.00319734 -0.181264
0.734 0.361031 -0.393393 0.234037 -6.28133e-06 -0.178744
0.735 0.359635 -0.392918 0.235714 -0.00320554 -0.176188
0.736 0.35824 -0.392433 0.237371 -0.00640001 -0.173596
0.737 0.356844 -0.391936 0.239008 -0.00958925 -0.170969
0.738 0.355448 -0.391427 0.240624 -0.0127728 -0.168307
0.739 0.354052 -0.390908 0.242221 -0.0159503 -0.165612
0.74 0.352656 -0.390377 0.243797 -0.0191213 -0.162883
0.741 0.35126 -0.389835 0.245353 -0.0222854 -0.160122
0.742 0.349863 -0.389282 0.246889 -0.0254421 -0.157328
0.743 0.348467 -0.388718 0.248404 -0.028591 -0.154504
0.744 0.34707 -0.388143 0.249898 -0.0317317 -0.151649
0.745 0.345673 -0.387557 0.251372 -0.0348637 -0.148763
0.746 0.344276 -0.38696 0.252825 -0.0379868 -0.145849
0.747 0.342879 -0.386352 0.254257 -0.0411003 -0.142906
0.748 0.341481 -0.385733 0.255668 -0.044204 -0.139935
0.749 0.340084 -0.385103 0.257058 -0.0472974 -0.136937
0.75 0.338687 -0.384462 0.258427 -0.0503801 -0.133913
0.751 0.337289 -0.38381 0.259774 -0.0534517 -0.130862
0.752 0.335891 -0.383147 0.261101 -0.0565118 -0.127787
0.753 0.334494 -0.382474 0.262406 -0.05956 -0.124687
0.754 0.333096 -0.38179 0.26369 -0.0625958 -0.121564
0.755 0.331698 -0.381095 0.264953 -0.0656189 -0.118417
0.756 0.3303 -0.38039 0.266194 -0.068629 -0.115249
0.757 0.328902 -0.379674 0.267413 -0.0716255 -0.112059
0.758 0.327504 -0.378947 0.268611 -0.0746081 -0.108848
0.759 0.326106 -0.37821 0.269787 -0.0775764 -0.105617
0.76 0.324708 -0.377462 0.270942 -0.08053 -0.102367
0.761 0.32331 -0.376704 0.272074 -0.0834685 -0.0990986
0.762 0.321912 -0.375935 0.273185 -0.0863916 -0.0958122
0.763 0.320513 -0.375156 0.274274 -0.0892989 -0.0925089
0.764 0.319115 -0.374366 0.275341 -0.0921899 -0.0891892
0.765 0.317717 -0.373566 0.276386 -0.0950644 -0.085854
0.766 0.316319 -0.372756 0.277409 -0.0979219 -0.0825041
0.767 0.31492 -0.371935 0.27841 -0.100762 -0.0791401
0.768 0.313522 -0.371104 0.279388 -0.103585 -0.075763
0.769 0.312124 -0.370263 0.280345 -0.106389 -0.0723733
0.77 0.310726 -0.369412 0.281279 -0.109175 -0.0689719
0.771 0.309328 -0.368551 0.282191 -0.111942 -0.0655596
0.772 0.307929 -0.367679 0.283081 -0.11469 -0.0621371
0.773 0.306531 -0.366798 0.283949 -0.117419 -0.0587052
0.774 0.305133 -0.365906 0.284794 -0.120128 -0.0552647
0.775 0.303735 -0.365005 0.285616 -0.122816 -0.0518163
0.776 0.302337 -0.364093 0.286417 -0.125484 -0.0483608
0.777 0.300939 -0.363172 0.287194 -0.128131 -0.0448989
0.778 0.299541 -0.362241 0.28795 -0.130757 -0.0414316
0.779 0.298143 -0.3613 0.288683 -0.133362 -0.0379594
0.78 0.296746 -0.360349 0.289393 -0.135944 -0.0344833
0.781 0.295348 -0.359388 0.290081 -0.138505 -0.0310039
0.782 0.29395 -0.358418 0.290746 -0.141042 -0.0275221
0.783 0.292553 -0.357438 0.291388 -0.143557 -0.0240386
0.784 0.291156 -0.356449 0.292008 -0.146049 -0.0205542
0.785 0.289758 -0.355449 0.292605 -0.148518 -0.0170697
0.786 0.288361 -0.354441 0.29318 -0.150962 -0.0135858
0.787 0.286964 -0.353423 0.293732 -0.153383 -0.0101033
0.788 0.285567 -0.352395 0.294261 -0.155779 -0.00662296
0.789 0.28417 -0.351358 0.294768 -0.15815 -0.00314558
0.79 0.282774 -0.350311 0.295252 -0.160497 0.000328106
0.791 0.281377 -0.349256 0.295713 -0.162818 0.00379732
0.792 0.279981 -0.34819 0.296152 -0.165114 0.00726131
0.793 0.278584 -0.347116 0.296567 -0.167384 0.0107193
0.794 0.277188 -0.346033 0.29696 -0.169627 0.0141706
0.795 0.275792 -0.34494 0.297331 -0.171845 0.0176143
0.796 0.274396 -0.343838 0.297679 -0.174035 0.0210498
0.797 0.273001 -0.342727 0.298003 -0.176199 0.0244763
0.798 0.271605 -0.341607 0.298306 -0.178336 0.0278931
0.799 0.27021 -0.340478 0.298585 -0.180445 0.0312993
0.8 0.268815 -0.33934 0.298842 -0.182526 0.0346944
0.801 0.26742 -0.338193 0.299076 -0.18458 0.0380774
0.802 0.266025 -0.337038 0.299288 -0.186605 0.0414478
0.803 0.264631 -0.335873 0.299477 -0.188602 0.0448047
0.804 0.263236 -0.3347 0.299643 -0.19057 0.0481475
0.805 0.261842 -0.333518 0.299787 -0.192509 0.0514754
0.806 0.260448 -0.332327 0.299908 -0.194419 0.0547877
0.807 0.259055 -0.331128 0.300006 -0.1963 0.0580837
0.808 0.257661 -0.32992 0.300082 -0.198151 0.0613627
0.809 0.256268 -0.328704 0.300135 -0.199972 0.0646239
0.81 0.254875 -0.327479 0.300166 -0.201764 0.0678668
0.811 0.253483 -0.326246 0.300174 -0.203525 0.0710905
0.812 0.25209 -0.325004 0.30016 -0.205255 0.0742944
0.813 0.250698 -0.323754 0.300124 -0.206955 0.0774778
0.814 0.249306 -0.322495 0.300065 -0.208624 0.0806401
0.815 0.247914 -0.321228 0.299983 -0.210262 0.0837805
0.816 0.246523 -0.319953 0.29988 -0.211869 0.0868984
0.817 0.245132 -0.31867 0.299754 -0.213445 0.0899932
0.818 0.243741 -0.317379 0.299605 -0.214988 0.0930641
0.819 0.242351 -0.31608 0.299435 -0.216501 0.0961105
0.82 0.240961 -0.314772 0.299242 -0.217981 0.0991318
0.821 0.239571 -0.313457 0.299027 -0.219429 0.102127
0.822 0.238181 -0.312134 0.29879 -0.220845 0.105097
0.823 0.236792 -0.310802 0.298531 -0.222228 0.108039
0.824 0.235403 -0.309463 0.29825 -0.223579 0.110953
0.825 0.234014 -0.308117 0.297947 -0.224897 0.113839
0.826 0.232626 -0.306762 0.297622 -0.226183 0.116697
0.827 0.231238 -0.3054 0.297275 -0.227435 0.119525
0.828 0.22985 -0.30403 0.296907 -0.228654 0.122323
0.829 0.228463 -0.302652 0.296516 -0.22984 0.12509
0.83 0.227076 -0.301267 0.296104 -0.230993 0.127826
0.831 0.22569 -0.299875 0.29567 -0.232112 0.130531
0.832 0.224303 -0.298475 0.295215 -0.233198 0.133203
0.833 0.222918 -0.297067 0.294738 -0.23425 0.135842
0.834 0.221532 -0.295653 0.29424 -0.235268 0.138448
0.835 0.220147 -0.294231 0.29372 -0.236252 0.141019
0.836 0.218762 -0.292801 0.293179 -0.237202 0.143557
0.837 0.217378 -0.291365 0.292616 -0.238118 0.146059
0.838 0.215994 -0.289921 0.292033 -0.239 0.148526
0.839 0.214611 -0.28847 0.291428 -0.239848 0.150956
0.84 0.213228 -0.287013 0.290802 -0.240661 0.153351
0.841 0.211845 -0.285548 0.290155 -0.24144 0.155708
0.842 0.210463 -0.284076 0.289487 -0.242185 0.158028
0.843 0.209081 -0.282597 0.288798 -0.242895 0.16031
0.844 0.2077 -0.281112 0.288089 -0.24357 0.162553
0.845 0.206319 -0.27962 0.287359 -0.244211 0.164757
0.846 0.204938 -0.27812 0.286608 -0.244817 0.166923
0.847 0.203558 -0.276615 0.285836 -0.245388 0.169048
0.848 0.202179 -0.275102 0.285044 -0.245925 0.171134
0.849 0.200799 -0.273583 0.284232 -0.246427 0.173178
0.85 0.199421 -0.272058 0.2834 -0.246894 0.175182
0.851 0.198043 -0.270526 0.282547 -0.247326 0.177145
0.852 0.196665 -0.268988 0.281674 -0.247723 0.179065
0.853 0.195288 -0.267443 0.280781 -0.248085 0.180944
0.854 0.193911 -0.265892 0.279868 -0.248413 0.18278
0.855 0.192535 -0.264334 0.278935 -0.248705 0.184573
0.856 0.191159 -0.262771 0.277982 -0.248963 0.186323
0.857 0.189784 -0.261201 0.27701 -0.249186 0.18803
0.858 0.188409 -0.259625 0.276018 -0.249374 0.189692
0.859 0.187035 -0.258043 0.275007 -0.249527 0.191311
0.86 0.185661 -0.256455 0.273976 -0.249645 0.192885
0.861 0.184288 -0.254861 0.272926 -0.249729 0.194414
0.862 0.182915 -0.253261 0.271857 -0.249777 0.195898
0.863 0.181543 -0.251655 0.270768 -0.249791 0.197336
0.864 0.180171 -0.250044 0.269661 -0.24977 0.19873
0.865 0.1788 -0.248427 0.268535 -0.249715 0.200077
0.866 0.17743 -0.246804 0.26739 -0.249624 0.201378
0.867 0.17606 -0.245175 0.266226 -0.2495 0.202633
0.868 0.17469 -0.243541 0.265044 -0.24934 0.203841
0.869 0.173322 -0.241901 0.263843 -0.249147 0.205002
0.87 0.171953 -0.240256 0.262624 -0.248919 0.206117
0.871 0.170586 -0.238605 0.261387 -0.248656 0.207184
0.872 0.169219 -0.236949 0.260131 -0.24836 0.208204
0.873 0.167852 -0.235288 0.258857 -0.248029 0.209176
0.874 0.166486 -0.233622 0.257566 -0.247664 0.210101
0.875 0.165121 -0.23195 0.256257 -0.247265 0.210977
0.876 0.163756 -0.230273 0.25493 -0.246832 0.211806
0.877 0.162392 -0.228591 0.253585 -0.246366 0.212587
0.878 0.161029 -0.226904 0.252224 -0.245865 0.213319
0.879 0.159666 -0.225212 0.250844 -0.245331 0.214003
0.88 0.158304 -0.223515 0.249448 -0.244764 0.214639
0.881 0.156942 -0.221813 0.248034 -0.244163 0.215226
0.882 0.155581 -0.220107 0.246604 -0.243529 0.215765
0.883 0.154221 -0.218395 0.245157 -0.242862 0.216254
0.884 0.152862 -0.216679 0.243693 -0.242162 0.216696
0.885 0.151503 -0.214959 0.242212 -0.241429 0.217088
0.886 0.150144 -0.213233 0.240715 -0.240664 0.217431
0.887 0.148787 -0.211503 0.239202 -0.239866 0.217726
0.888 0.14743 -0.209769 0.237672 -0.239035 0.217972
0.889 0.146073 -0.20803 0.236127 -0.238172 0.218169
0.89 0.144718 -0.206287 0.234565 -0.237277 0.218318
0.891 0.143363 -0.204539 0.232988 -0.23635 0.218417
0.892 0.142009 -0.202788 0.231395 -0.235392 0.218468
0.893 0.140655 -0.201032 0.229786 -0.234401 0.21847
0.894 0.139302 -0.199272 0.228162 -0.233379 0.218423
0.895 0.13795 -0.197507 0.226523 -0.232326 0.218328
0.896 0.136599 -0.195739 0.224869 -0.231242 0.218184
0.897 0.135248 -0.193967 0.2232 -0.230127 0.217992
0.898 0.133898 -0.192191 0.221516 -0.228981 0.217752
0.899 0.132549 -0.190411 0.219817 -0.227805 0.217463
0.9 0.1312 -0.188627 0.218104 -0.226598 0.217126
0.901 0.129853 -0.186839 0.216376 -0.225361 0.216741
0.902 0.128506 -0.185048 0.214634 -0.224094 0.216309
0.903 0.127159 -0.183253 0.212878 -0.222798 0.215828
0.904 0.125814 -0.181454 0.211108 -0.221472 0.2153
0.905 0.124469 -0.179652 0.209324 -0.220116 0.214725
0.906 0.123125 -0.177847 0.207526 -0.218732 0.214103
0.907 0.121782 -0.176038 0.205715 -0.217319 0.213433
0.908 0.120439 -0.174225 0.20389 -0.215877 0.212717
0.909 0.119098 -0.17241 0.202052 -0.214406 0.211954
0.91 0.117757 -0.170591 0.200201 -0.212908 0.211145
0.911 0.116417 -0.168768 0.198338 -0.211381 0.21029
0.912 0.115078 -0.166943 0.196461 -0.209827 0.209388
0.913 0.113739 -0.165115 0.194572 -0.208246 0.208442
0.914 0.112401 -0.163284 0.19267 -0.206637 0.207449
0.915 0.111065 -0.161449 0.190756 -0.205001 0.206412
0.916 0.109729 -0.159612 0.188829 -0.203339 0.20533
0.917 0.108393 -0.157772 0.186891 -0.20165 0.204203
0.918 0.107059 -0.155929 0.184941 -0.199935 0.203032
0.919 0.105725 -0.154083 0.182979 -0.198194 0.201817
0.92 0.104393 -0.152235 0.181005 -0.196428 0.200558
0.921 0.103061 -0.150384 0.179021 -0.194636 0.199256
0.922 0.10173 -0.148531 0.177024 -0.192819 0.197911
0.923 0.1004 -0.146675 0.175017 -0.190977 0.196524
0.924 0.0990705 -0.144816 0.172999 -0.18911 0.195094
0.925 0.0977421 -0.142955 0.17097 -0.18722 0.193623
0.926 0.0964146 -0.141092 0.168931 -0.185305 0.192109
0.927 0.0950879 -0.139227 0.166881 -0.183367 0.190555
0.928 0.0937621 -0.137359 0.164821 -0.181405 0.18896
0.929 0.0924372 -0.135489 0.16275 -0.17942 0.187324
0.93 0.0911132 -0.133617 0.16067 -0.177413 0.185649
0.931 0.0897901 -0.131743 0.15858 -0.175383 0.183934
0.932 0.0884679 -0.129867 0.15648 -0.173331 0.18218
0.933 0.0871466 -0.127989 0.154371 -0.171256 0.180387
0.934 0.0858262 -0.126109 0.152253 -0.169161 0.178556
0.935 0.0845067 -0.124228 0.150125 -0.167044 0.176687
0.936 0.0831882 -0.122344 0.147989 -0.164906 0.174781
0.937 0.0818706 -0.120459 0.145844 -0.162747 0.172838
0.938 0.0805539 -0.118572 0.14369 -0.160569 0.170858
0.939 0.0792381 -0.116684 0.141527 -0.15837 0.168843
0.94 0.0779233 -0.114794 0.139357 -0.156151 0.166792
0.941 0.0766095 -0.112902 0.137178 -0.153914 0.164706
0.942 0.0752965 -0.11101 0.134991 -0.151657 0.162585
0.943 0.0739846 -0.109115 0.132797 -0.149381 0.160431
0.944 0.0726736 -0.10722 0.130595 -0.147087 0.158243
0.945 0.0713636 -0.105323 0.128385 -0.144776 0.156023
0.946 0.0700546 -0.103425 0.126168 -0.142446 0.15377
0.947 0.0687465 -0.101526 0.123944 -0.140099 0.151485
0.948 0.0674394 -0.0996257 0.121713 -0.137735 0.149168
0.949 0.0661333 -0.0977244 0.119476 -0.135355 0.146821
0.95 0.0648282 -0.0958222 0.117232 -0.132958 0.144444
0.951 0.0635241 -0.093919 0.114981 -0.130546 0.142037
0.952 0.0622211 -0.092015 0.112724 -0.128117 0.139601
0.953 0.060919 -0.0901102 0.110461 -0.125674 0.137136
0.954 0.0596179 -0.0882047 0.108193 -0.123215 0.134643
0.955 0.0583179 -0.0862985 0.105918 -0.120742 0.132123
0.956 0.0570188 -0.0843916 0.103638 -0.118255 0.129577
0.957 0.0557208 -0.0824841 0.101353 -0.115754 0.127004
0.958 0.0544239 -0.0805762 0.0990621 -0.11324 0.124405
0.959 0.0531279 -0.0786678 0.0967665 -0.110712 0.121782
0.96 0.0518331 -0.0767589 0.094466 -0.108172 0.119134
0.961 0.0505392 -0.0748498 0.0921609 -0.105619 0.116462
0.962 0.0492465 -0.0729403 0.0898513 -0.103054 0.113767
0.963 0.0479547 -0.0710306 0.0875373 -0.100478 0.11105
0.964 0.0466641 -0.0691207 0.0852192 -0.0978901 0.10831
0.965 0.0453745 -0.0672107 0.0828971 -0.0952915 0.10555
0.966 0.044086 -0.0653006 0.0805712 -0.0926823 0.102768
0.967 0.0427986 -0.0633905 0.0782417 -0.090063 0.0999671
0.968 0.0415122 -0.0614805 0.0759088 -0.0874339 0.0971465
0.969 0.0402269 -0.0595706 0.0735725 -0.0847953 0.0943071
0.97 0.0389428 -0.0576608 0.0712332 -0.0821477 0.0914497
0.971 0.0376597 -0.0557512 0.068891 -0.0794914 0.0885748
0.972 0.0363777 -0.0538419 0.066546 -0.0768268 0.0856831
0.973 0.0350969 -0.051933 0.0641985 -0.0741543 0.0827754
0.974 0.0338171 -0.0500244 0.0618486 -0.0714742 0.0798522
0.975 0.0325385 -0.0481162 0.0594964 -0.0687869 0.0769142
0.976 0.031261 -0.0462085 0.0571422 -0.0660928 0.0739621
0.977 0.0299846 -0.0443014 0.0547862 -0.0633923 0.0709965
0.978 0.0287094 -0.0423949 0.0524284 -0.0606857 0.0680182
0.979 0.0274353 -0.040489 0.0500692 -0.0579735 0.0650277
0.98 0.0261623 -0.0385839 0.0477086 -0.055256 0.0620259
0.981 0.0248905 -0.0366795 0.0453468 -0.0525336 0.0590132
0.982 0.0236199 -0.034776 0.0429841 -0.0498067 0.0559905
0.983 0.0223503 -0.0328733 0.0406205 -0.0470756 0.0529584
0.984 0.021082 -0.0309716 0.0382563 -0.0443408 0.0499176
0.985 0.0198148 -0.0290708 0.0358917 -0.0416026 0.0468688
0.986 0.0185488 -0.0271711 0.0335267 -0.0388613 0.0438126
0.987 0.017284 -0.0252725 0.0311617 -0.0361175 0.0407498
0.988 0.0160203 -0.0233751 0.0287967 -0.0333714 0.0376809
0.989 0.0147579 -0.0214788 0.0264319 -0.0306235 0.0346068
0.99 0.0134966 -0.0195838 0.0240676 -0.027874 0.0315281
0.991 0.0122365 -0.0176902 0.0217039 -0.0251235 0.0284455
0.992 0.0109777 -0.0157979 0.0193409 -0.0223723 0.0253597
0.993 0.00971998 -0.013907 0.0169788 -0.0196207 0.0222713
0.994 0.00846352 -0.0120176 0.0146179 -0.0168692 0.019181
0.995 0.00720827 -0.0101298 0.0122582 -0.0141181 0.0160896
0.996 0.00595425 -0.00824351 0.0099 -0.0113678 0.0129978
0.997 0.00470144 -0.00635889 0.00754341 -0.00861869 0.00990608
0.998 0.00344987 -0.00447596 0.00518862 -0.00587113 0.0068153
0.999 0.00219953 -0.00259478 0.0028358 -0.00312551 0.0037261
1 0.000950425 -0.00071541 0.000485121 -0.000382201 0.000639157
1.001 -0.000297435 0.00116211 -0.00186324 0.00235842 -0.00244484
1.002 -0.00154405 0.00303771 -0.00420912 0.00509598 -0.00552522
1.003 -0.00278941 0.00491136 -0.00655235 0.0078301 -0.00860129
1.004 -0.00403351 0.00678298 -0.00889275 0.0105604 -0.0116724
1.005 -0.00527635 0.00865254 -0.0112302 0.0132865 -0.0147378
1.006 -0.00651792 0.01052 -0.0135644 0.0160081 -0.0177969
1.007 -0.00775823 0.0123852 -0.0158953 0.0187247 -0.020849
1.008 -0.00899726 0.0142483 -0.0182227 0.0214361 -0.0238934
1.009 -0.010235 0.016109 -0.0205464 0.0241417 -0.0269295
1.01 -0.0114715 0.0179674 -0.0228663 0.0268414 -0.0299566
1.011 -0.0127066 0.0198235 -0.0251822 0.0295346 -0.032974
1.012 -0.0139405 0.0216771 -0.0274939 0.0322211 -0.0359811
1.013 -0.0151731 0.0235282 -0.0298013 0.0349004 -0.0389772
1.014 -0.0164044 0.0253767 -0.0321042 0.0375723 -0.0419617
1.015 -0.0176343 0.0272227 -0.0344024 0.0402363 -0.0449338
1.016 -0.018863 0.029066 -0.0366957 0.042892 -0.0478931
1.017 -0.0200903 0.0309066 -0.0389841 0.0455392 -0.0508387
1.018 -0.0213163 0.0327445 -0.0412673 0.0481775 -0.0537702
1.019 -0.022541 0.0345796 -0.0435451 0.0508065 -0.0566868
1.02 -0.0237644 0.0364118 -0.0458175 0.0534259 -0.0595879
1.021 -0.0249864 0.0382411 -0.0480842 0.0560353 -0.0624729
1.022 -0.0262071 0.0400675 -0.0503451 0.0586343 -0.0653411
1.023 -0.0274264 0.0418908 -0.0526 0.0612226 -0.068192
1.024 -0.0286444 0.0437111 -0.0548488 0.0637999 -0.0710249
1.025 -0.029861 0.0455283 -0.0570913 0.0663659 -0.0738393
1.026 -0.0310763 0.0473423 -0.0593273 0.0689201 -0.0766344
1.027 -0.0322902 0.0491532 -0.0615567 0.0714622 -0.0794097
1.028 -0.0335027 0.0509607 -0.0637793 0.0739919 -0.0821647
1.029 -0.0347139 0.052765 -0.065995 0.0765089 -0.0848987
1.03 -0.0359237 0.0545659 -0.0682036 0.0790129 -0.0876111
1.031 -0.0371321 0.0563634 -0.070405 0.0815034 -0.0903014
1.032 -0.0383391 0.0581574 -0.0725989 0.0839802 -0.0929689
1.033 -0.0395448 0.0599479 -0.0747854 0.0864429 -0.0956132
1.034 -0.040749 0.0617349 -0.076964 0.0888912 -0.0982336
1.035 -0.0419518 0.0635183 -0.0791349 0.0913248 -0.10083
1.036 -0.0431533 0.065298 -0.0812977 0.0937434 -0.103401
1.037 -0.0443533 0.067074 -0.0834523 0.0961466 -0.105946
1.038 -0.0455519 0.0688462 -0.0855986 0.0985341 -0.108466
1.039 -0.0467491 0.0706147 -0.0877365 0.100906 -0.110958
1.04 -0.0479449 0.0723793 -0.0898657 0.103261 -0.113424
1.041 -0.0491392 0.07414 -0.0919862 0.1056 -0.115862
1.042 -0.0503322 0.0758967 -0.0940977 0.107921 -0.118272
1.043 -0.0515237 0.0776495 -0.0962002 0.110226 -0.120654
1.044 -0.0527137 0.0793982 -0.0982934 0.112513 -0.123006
1.045 -0.0539023 0.0811428 -0.100377 0.114782 -0.125328
1.046 -0.0550895 0.0828833 -0.102452 0.117033 -0.127621
1.047 -0.0562752 0.0846196 -0.104516 0.119265 -0.129883
1.048 -0.0574594 0.0863517 -0.106571 0.121479 -0.132113
1.049 -0.0586422 0.0880795 -0.108616 0.123674 -0.134312
1.05 -0.0598235 0.0898029 -0.110651 0.12585 -0.136479
1.051 -0.0610034 0.091522 -0.112676 0.128006 -0.138614
1.052 -0.0621817 0.0932367 -0.114691 0.130142 -0.140716
1.053 -0.0633586 0.0949469 -0.116694 0.132258 -0.142784
1.054 -0.064534 0.0966526 -0.118688 0.134354 -0.144819
1.055 -0.065708 0.0983537 -0.12067 0.136429 -0.146819
1.056 -0.0668804 0.10005 -0.122642 0.138484 -0.148785
1.057 -0.0680513 0.101742 -0.124602 0.140517 -0.150716
1.058 -0.0692208 0.103429 -0.126552 0.142528 -0.152612
1.059 -0.0703887 0.105112 -0.12849 0.144518 -0.154471
1.06 -0.0715551 0.106789 -0.130416 0.146486 -0.156295
1.061 -0.0727201 0.108462 -0.132331 0.148432 -0.158082
1.062 -0.0738835 0.11013 -0.134235 0.150355 -0.159832
1.063 -0.0750453 0.111793 -0.136126 0.152255 -0.161545
1.064 -0.0762057 0.113451 -0.138006 0.154133 -0.16322
1.065 -0.0773645 0.115104 -0.139873 0.155987 -0.164857
1.066 -0.0785218 0.116752 -0.141728 0.157818 -0.166456
1.067 -0.0796775 0.118395 -0.143571 0.159626 -0.168017
1.068 -0.0808317 0.120033 -0.145401 0.161409 -0.169538
1.069 -0.0819844 0.121665 -0.147219 0.163169 -0.171021
1.07 -0.0831355 0.123293 -0.149024 0.164904 -0.172464
1.071 -0.084285 0.124915 -0.150817 0.166614 -0.173867
1.072 -0.085433 0.126532 -0.152596 0.1683 -0.17523
1.073 -0.0865795 0.128143 -0.154362 0.169961 -0.176553
1.074 -0.0877243 0.129749 -0.156115 0.171597 -0.177835
1.075 -0.0888676 0.131349 -0.157855 0.173207 -0.179077
1.076 -0.0900093 0.132944 -0.159581 0.174792 -0.180277
1.077 -0.0911495 0.134534 -0.161294 0.176351 -0.181436
1.078 -0.092288 0.136118 -0.162993 0.177884 -0.182554
1.079 -0.093425 0.137696 -0.164678 0.179391 -0.18363
1.08 -0.0945603 0.139269 -0.16635 0.180871 -0.184664
1.081 -0.0956941 0.140836 -0.168007 0.182325 -0.185656
1.082 -0.0968263 0.142397 -0.169651 0.183753 -0.186606
1.083 -0.0979569 0.143953 -0.17128 0.185153 -0.187513
1.084 -0.0990858 0.145502 -0.172894 0.186527 -0.188378
1.085 -0.100213 0.147046 -0.174495 0.187873 -0.1892
1.086 -0.101339 0.148584 -0.176081 0.189192 -0.189979
1.087 -0.102463 0.150116 -0.177652 0.190484 -0.190715
1.088 -0.103585 0.151642 -0.179208 0.191748 -0.191408
1.089 -0.104706 0.153162 -0.18075 0.192984 -0.192057
1.09 -0.105826 0.154676 -0.182277 0.194192 -0.192663
1.091 -0.106943 0.156184 -0.183788 0.195372 -0.193226
1.092 -0.108059 0.157686 -0.185285 0.196524 -0.193745
1.093 -0.109173 0.159181 -0.186766 0.197647 -0.194221
1.094 -0.110286 0.16067 -0.188232 0.198742 -0.194653
1.095 -0.111397 0.162153 -0.189683 0.199809 -0.195041
1.096 -0.112506 0.16363 -0.191118 0.200846 -0.195385
1.097 -0.113614 0.165101 -0.192537 0.201855 -0.195686
1.098 -0.11472 0.166565 -0.193941 0.202835 -0.195942
1.099 -0.115824 0.168022 -0.195329 0.203785 -0.196155
1.1 -0.116927 0.169474 -0.196701 0.204707 -0.196324
1.101 -0.118028 0.170918 -0.198057 0.205599 -0.196449
1.102 -0.119127 0.172357 -0.199397 0.206462 -0.19653
1.103 -0.120225 0.173788 -0.200721 0.207296 -0.196567
1.104 -0.121321 0.175214 -0.202028 0.208099 -0.19656
1.105 -0.122415 0.176632 -0.20332 0.208874 -0.19651
1.106 -0.123508 0.178044 -0.204595 0.209618 -0.196416
1.107 -0.124599 0.179449 -0.205853 0.210333 -0.196278
1.108 -0.125688 0.180847 -0.207095 0.211018 -0.196097
1.109 -0.126775 0.182239 -0.208321 0.211673 -0.195872
1.11 -0.127861 0.183624 -0.209529 0.212298 -0.195604
1.111 -0.128945 0.185002 -0.210721 0.212892 -0.195292
1.112 -0.130027 0.186373 -0.211896 0.213457 -0.194937
1.113 -0.131108 0.187737 -0.213055 0.213992 -0.194539
1.114 -0.132187 0.189095 -0.214196 0.214496 -0.194098
1.115 -0.133264 0.190445 -0.21532 0.21497 -0.193615
1.116 -0.134339 0.191788 -0.216427 0.215414 -0.193088
1.117 -0.135413 0.193124 -0.217517 0.215827 -0.192519
1.118 -0.136485 0.194454 -0.218589 0.216211 -0.191908
1.119 -0.137555 0.195776 -0.219645 0.216563 -0.191254
1.12 -0.138623 0.197091 -0.220683 0.216886 -0.190559
1.121 -0.13969 0.198398 -0.221703 0.217178 -0.189822
1.122 -0.140755 0.199699 -0.222706 0.217439 -0.189042
1.123 -0.141818 0.200992 -0.223691 0.21767 -0.188222
1.124 -0.142879 0.202278 -0.224659 0.217871 -0.18736
1.125 -0.143939 0.203557 -0.225609 0.218041 -0.186458
1.126 -0.144997 0.204829 -0.226542 0.21818 -0.185515
1.127 -0.146053 0.206093 -0.227456 0.21829 -0.184531
1.128 -0.147107 0.207349 -0.228353 0.218369 -0.183507
1.129 -0.148159 0.208599 -0.229232 0.218417 -0.182443
1.13 -0.14921 0.20984 -0.230093 0.218435 -0.181339
1.131 -0.150259 0.211075 -0.230936 0.218423 -0.180196
1.132 -0.151306 0.212302 -0.231761 0.21838 -0.179014
1.133 -0.152351 0.213521 -0.232568 0.218307 -0.177793
1.134 -0.153395 0.214733 -0.233357 0.218204 -0.176533
1.135 -0.154437 0.215937 -0.234127 0.21807 -0.175235
1.136 -0.155476 0.217133 -0.23488 0.217907 -0.1739
1.137 -0.156515 0.218322 -0.235614 0.217713 -0.172526
1.138 -0.157551 0.219503 -0.23633 0.217489 -0.171116
1.139 -0.158585 0.220676 -0.237027 0.217235 -0.169669
1.14 -0.159618 0.221842 -0.237707 0.216951 -0.168185
1.141 -0.160649 0.223 -0.238368 0.216637 -0.166665
1.142 -0.161678 0.22415 -0.23901 0.216294 -0.165109
1.143 -0.162705 0.225292 -0.239634 0.215921 -0.163518
1.144 -0.16373 0.226427 -0.24024 0.215518 -0.161891
1.145 -0.164753 0.227553 -0.240827 0.215085 -0.16023
1.146 -0.165775 0.228672 -0.241395 0.214623 -0.158535
1.147 -0.166795 0.229782 -0.241945 0.214131 -0.156806
1.148 -0.167813 0.230885 -0.242476 0.213611 -0.155044
1.149 -0.168829 0.23198 -0.242989 0.21306 -0.153248
1.15 -0.169843 0.233066 -0.243483 0.212481 -0.15142
1.151 -0.170855 0.234145 -0.243959 0.211873 -0.14956
1.152 -0.171866 0.235216 -0.244416 0.211236 -0.147669
1.153 -0.172874 0.236278 -0.244854 0.21057 -0.145745
1.154 -0.173881 0.237332 -0.245273 0.209875 -0.143792
1.155 -0.174886 0.238379 -0.245674 0.209152 -0.141807
1.156 -0.175889 0.239417 -0.246056 0.208401 -0.139793
1.157 -0.17689 0.240447 -0.246419 0.207621 -0.13775
1.158 -0.177889 0.241468 -0.246764 0.206813 -0.135677
1.159 -0.178887 0.242482 -0.247089 0.205977 -0.133577
1.16 -0.179882 0.243487 -0.247396 0.205113 -0.131448
1.161 -0.180876 0.244484 -0.247685 0.204221 -0.129292
1.162 -0.181867 0.245473 -0.247954 0.203302 -0.127109
1.163 -0.182857 0.246453 -0.248205 0.202355 -0.124899
1.164 -0.183845 0.247425 -0.248436 0.201381 -0.122663
1.165 -0.184831 0.248389 -0.248649 0.200379 -0.120403
1.166 -0.185815 0.249344 -0.248844 0.199351 -0.118117
1.167 -0.186797 0.250291 -0.249019 0.198296 -0.115807
1.168 -0.187777 0.251229 -0.249176 0.197214 -0.113473
1.169 -0.188755 0.252159 -0.249314 0.196106 -0.111115
1.17 -0.189731 0.25308 -0.249433 0.194972 -0.108736
1.171 -0.190706 0.253993 -0.249533 0.193811 -0.106333
1.172 -0.191678 0.254898 -0.249615 0.192624 -0.10391
1.173 -0.192649 0.255794 -0.249678 0.191412 -0.101465
1.174 -0.193617 0.256681 -0.249722 0.190174 -0.0989993
1.175 -0.194584 0.25756 -0.249747 0.188911 -0.096514
1.176 -0.195549 0.25843 -0.249754 0.187623 -0.0940093
1.177 -0.196511 0.259292 -0.249742 0.186309 -0.0914858
1.178 -0.197472 0.260145 -0.249711 0.184971 -0.088944
1.179 -0.198431 0.260989 -0.249662 0.183608 -0.0863846
1.18 -0.199388 0.261825 -0.249594 0.182221 -0.0838081
1.181 -0.200343 0.262652 -0.249508 0.18081 -0.0812151
1.182 -0.201296 0.26347 -0.249402 0.179375 -0.0786062
1.183 -0.202247 0.26428 -0.249279 0.177916 -0.0759821
1.184 -0.203196 0.265081 -0.249136 0.176434 -0.0733432
1.185 -0.204143 0.265873 -0.248975 0.174928 -0.0706902
1.186 -0.205088 0.266656 -0.248796 0.1734 -0.0680237
1.187 -0.206031 0.267431 -0.248598 0.171848 -0.0653443
1.188 -0.206972 0.268197 -0.248382 0.170274 -0.0626526
1.189 -0.207911 0.268954 -0.248148 0.168678 -0.0599492
1.19 -0.208848 0.269702 -0.247895 0.167059 -0.0572347
1.191 -0.209783 0.270441 -0.247623 0.165419 -0.0545098
1.192 -0.210717 0.271172 -0.247334 0.163757 -0.051775
1.193 -0.211648 0.271893 -0.247026 0.162074 -0.0490309
1.194 -0.212577 0.272606 -0.2467 0.16037 -0.0462783
1.195 -0.213504 0.27331 -0.246355 0.158644 -0.0435176
1.196 -0.214429 0.274005 -0.245993 0.156899 -0.0407496
1.197 -0.215352 0.274691 -0.245612 0.155132 -0.0379748
1.198 -0.216273 0.275368 -0.245214 0.153346 -0.0351938
1.199 -0.217192 0.276036 -0.244797 0.15154 -0.0324073
1.2 -0.218109 0.276696 -0.244362 0.149714 -0.029616
1.201 -0.219024 0.277346 -0.24391 0.14787 -0.0268203
