0.1 0.997454 
0.105 0.997193 
0.11 0.99692 
0.115 0.996634 
0.12 0.996335 
0.125 0.996024 
0.13 0.995699 
0.135 0.995363 
0.14 0.995013 
0.145 0.994651 
0.15 0.994276 
0.155 0.993889 
0.16 0.993489 
0.165 0.993077 
0.17 0.992651 
0.175 0.992214 
0.18 0.991763 
0.185 0.9913 
0.19 0.990825 
0.195 0.990337 
0.2 0.989836 
0.205 0.989323 
0.21 0.988797 
0.215 0.988259 
0.22 0.987708 
0.225 0.987145 
0.23 0.986569 
0.235 0.985981 
0.24 0.98538 
0.245 0.984767 
0.25 0.984142 
0.255 0.983504 
0.26 0.982853 
0.265 0.98219 
0.27 0.981515 
0.275 0.980828 
0.28 0.980128 
0.285 0.979415 
0.29 0.97869 
0.295 0.977953 
0.3 0.977204 
0.305 0.976442 
0.31 0.975668 
0.315 0.974882 
0.32 0.974084 
0.325 0.973273 
0.33 0.97245 
0.335 0.971615 
0.34 0.970768 
0.345 0.969908 
0.35 0.969036 
0.355 0.968152 
0.36 0.967256 
0.365 0.966348 
0.37 0.965428 
0.375 0.964496 
0.38 0.963552 
0.385 0.962595 
0.39 0.961627 
0.395 0.960646 
0.4 0.959654 
0.405 0.95865 
0.41 0.957633 
0.415 0.956605 
0.42 0.955565 
0.425 0.954513 
0.43 0.953449 
0.435 0.952373 
0.44 0.951286 
0.445 0.950186 
0.45 0.949075 
0.455 0.947952 
0.46 0.946818 
0.465 0.945671 
0.47 0.944513 
0.475 0.943343 
0.48 0.942162 
0.485 0.940969 
0.49 0.939764 
0.495 0.938548 
0.5 0.93732 
0.505 0.93608 
0.51 0.93483 
0.515 0.933567 
0.52 0.932293 
0.525 0.931008 
0.53 0.929711 
0.535 0.928403 
0.54 0.927083 
0.545 0.925753 
0.55 0.92441 
0.555 0.923057 
0.56 0.921692 
0.565 0.920316 
0.57 0.918929 
0.575 0.91753 
0.58 0.916121 
0.585 0.9147 
0.59 0.913268 
0.595 0.911825 
0.6 0.910371 
0.605 0.908906 
0.61 0.90743 
0.615 0.905943 
0.62 0.904445 
0.625 0.902936 
0.63 0.901417 
0.635 0.899886 
0.64 0.898344 
0.645 0.896792 
0.65 0.895229 
0.655 0.893655 
0.66 0.892071 
0.665 0.890476 
0.67 0.88887 
0.675 0.887253 
0.68 0.885626 
0.685 0.883989 
0.69 0.882341 
0.695 0.880682 
0.7 0.879013 
0.705 0.877333 
0.71 0.875643 
0.715 0.873943 
0.72 0.872232 
0.725 0.870511 
0.73 0.86878 
0.735 0.867039 
0.74 0.865287 
0.745 0.863525 
0.75 0.861753 
0.755 0.859971 
0.76 0.858179 
0.765 0.856376 
0.77 0.854564 
0.775 0.852742 
0.78 0.85091 
0.785 0.849068 
0.79 0.847216 
0.795 0.845354 
0.8 0.843482 
0.805 0.841601 
0.81 0.83971 
0.815 0.837809 
0.82 0.835899 
0.825 0.833979 
0.83 0.832049 
0.835 0.83011 
0.84 0.828161 
0.845 0.826203 
0.85 0.824236 
0.855 0.822259 
0.86 0.820272 
0.865 0.818277 
0.87 0.816272 
0.875 0.814257 
0.88 0.812234 
0.885 0.810201 
0.89 0.80816 
0.895 0.806109 
0.9 0.804049 
0.905 0.80198 
0.91 0.799902 
0.915 0.797815 
0.92 0.795719 
0.925 0.793615 
0.93 0.791501 
0.935 0.789379 
0.94 0.787248 
0.945 0.785109 
0.95 0.78296 
0.955 0.780803 
0.96 0.778638 
0.965 0.776464 
0.97 0.774281 
0.975 0.77209 
0.98 0.769891 
0.985 0.767683 
0.99 0.765467 
0.995 0.763242 
1 0.761009 
1.005 0.758769 
1.01 0.756519 
1.015 0.754262 
1.02 0.751997 
1.025 0.749724 
1.03 0.747442 
1.035 0.745153 
1.04 0.742856 
1.045 0.740551 
1.05 0.738238 
1.055 0.735917 
1.06 0.733589 
1.065 0.731253 
1.07 0.728909 
1.075 0.726558 
1.08 0.724199 
1.085 0.721832 
1.09 0.719458 
1.095 0.717077 
1.1 0.714688 
1.105 0.712292 
1.11 0.709889 
1.115 0.707478 
1.12 0.70506 
1.125 0.702635 
1.13 0.700203 
1.135 0.697764 
1.14 0.695318 
1.145 0.692865 
1.15 0.690405 
1.155 0.687938 
1.16 0.685464 
1.165 0.682983 
1.17 0.680496 
1.175 0.678002 
1.18 0.675501 
1.185 0.672994 
1.19 0.67048 
1.195 0.66796 
1.2 0.665433 
1.205 0.6629 
1.21 0.66036 
1.215 0.657814 
1.22 0.655262 
1.225 0.652703 
1.23 0.650139 
1.235 0.647568 
1.24 0.644991 
1.245 0.642408 
1.25 0.639819 
1.255 0.637224 
1.26 0.634623 
1.265 0.632017 
1.27 0.629404 
1.275 0.626786 
1.28 0.624162 
1.285 0.621533 
1.29 0.618898 
1.295 0.616257 
1.3 0.613611 
1.305 0.610959 
1.31 0.608302 
1.315 0.60564 
1.32 0.602972 
1.325 0.6003 
1.33 0.597621 
1.335 0.594938 
1.34 0.59225 
1.345 0.589556 
1.35 0.586858 
1.355 0.584154 
1.36 0.581446 
1.365 0.578733 
1.37 0.576015 
1.375 0.573292 
1.38 0.570565 
1.385 0.567833 
1.39 0.565096 
1.395 0.562355 
1.4 0.559609 
1.405 0.556859 
1.41 0.554104 
1.415 0.551345 
1.42 0.548582 
1.425 0.545814 
1.43 0.543042 
1.435 0.540266 
1.44 0.537487 
1.445 0.534702 
1.45 0.531914 
1.455 0.529122 
1.46 0.526327 
1.465 0.523527 
1.47 0.520723 
1.475 0.517916 
1.48 0.515105 
1.485 0.512291 
1.49 0.509473 
1.495 0.506651 
1.5 0.503826 
1.505 0.500997 
1.51 0.498165 
1.515 0.49533 
1.52 0.492492 
1.525 0.48965 
1.53 0.486805 
1.535 0.483957 
1.54 0.481106 
1.545 0.478252 
1.55 0.475395 
1.555 0.472535 
1.56 0.469672 
1.565 0.466807 
1.57 0.463938 
1.575 0.461067 
1.58 0.458194 
1.585 0.455317 
1.59 0.452439 
1.595 0.449557 
1.6 0.446674 
1.605 0.443787 
1.61 0.440899 
1.615 0.438008 
1.62 0.435116 
1.625 0.43222 
1.63 0.429323 
1.635 0.426424 
1.64 0.423523 
1.645 0.42062 
1.65 0.417714 
1.655 0.414807 
1.66 0.411899 
1.665 0.408988 
1.67 0.406076 
1.675 0.403162 
1.68 0.400247 
1.685 0.39733 
1.69 0.394411 
1.695 0.391492 
1.7 0.38857 
1.705 0.385648 
1.71 0.382724 
1.715 0.379799 
1.72 0.376873 
1.725 0.373945 
1.73 0.371017 
1.735 0.368088 
1.74 0.365157 
1.745 0.362226 
1.75 0.359294 
1.755 0.356361 
1.76 0.353428 
1.765 0.350493 
1.77 0.347559 
1.775 0.344623 
1.78 0.341687 
1.785 0.338751 
1.79 0.335814 
1.795 0.332876 
1.8 0.329939 
1.805 0.327001 
1.81 0.324063 
1.815 0.321125 
1.82 0.318187 
1.825 0.315248 
1.83 0.31231 
1.835 0.309372 
1.84 0.306433 
1.845 0.303495 
1.85 0.300558 
1.855 0.29762 
1.86 0.294683 
1.865 0.291746 
1.87 0.288809 
1.875 0.285873 
1.88 0.282938 
1.885 0.280003 
1.89 0.277069 
1.895 0.274135 
1.9 0.271203 
1.905 0.268271 
1.91 0.26534 
1.915 0.262409 
1.92 0.25948 
1.925 0.256552 
1.93 0.253624 
1.935 0.250698 
1.94 0.247773 
1.945 0.244849 
1.95 0.241927 
1.955 0.239006 
1.96 0.236086 
1.965 0.233167 
1.97 0.23025 
1.975 0.227335 
1.98 0.224421 
1.985 0.221509 
1.99 0.218598 
1.995 0.215689 
2 0.212782 
2.005 0.209877 
2.01 0.206973 
2.015 0.204072 
2.02 0.201172 
2.025 0.198275 
2.03 0.19538 
2.035 0.192486 
2.04 0.189595 
2.045 0.186707 
2.05 0.18382 
2.055 0.180936 
2.06 0.178054 
2.065 0.175175 
2.07 0.172298 
2.075 0.169423 
2.08 0.166552 
2.085 0.163682 
2.09 0.160816 
2.095 0.157952 
2.1 0.155091 
2.105 0.152233 
2.11 0.149378 
2.115 0.146526 
2.12 0.143677 
2.125 0.14083 
2.13 0.137987 
2.135 0.135147 
2.14 0.13231 
2.145 0.129477 
2.15 0.126647 
2.155 0.12382 
2.16 0.120996 
2.165 0.118176 
2.17 0.115359 
2.175 0.112546 
2.18 0.109736 
2.185 0.106931 
2.19 0.104128 
2.195 0.10133 
2.2 0.0985349 
2.205 0.095744 
2.21 0.0929569 
2.215 0.0901737 
2.22 0.0873945 
2.225 0.0846193 
2.23 0.0818481 
2.235 0.079081 
2.24 0.0763181 
2.245 0.0735594 
2.25 0.070805 
2.255 0.0680548 
2.26 0.065309 
2.265 0.0625676 
2.27 0.0598306 
2.275 0.057098 
2.28 0.05437 
2.285 0.0516466 
2.29 0.0489278 
2.295 0.0462136 
2.3 0.0435042 
2.305 0.0407995 
2.31 0.0380997 
2.315 0.0354046 
2.32 0.0327145 
2.325 0.0300293 
2.33 0.0273491 
2.335 0.0246739 
2.34 0.0220038 
2.345 0.0193388 
2.35 0.016679 
2.355 0.0140244 
2.36 0.011375 
2.365 0.00873094 
2.37 0.00609222 
2.375 0.00345888 
2.38 0.000830968 
2.385 -0.00179147 
2.39 -0.00440839 
2.395 -0.00701974 
2.4 -0.0096255 
2.405 -0.0122256 
2.41 -0.01482 
2.415 -0.0174087 
2.42 -0.0199916 
2.425 -0.0225687 
2.43 -0.0251399 
2.435 -0.0277052 
2.44 -0.0302646 
2.445 -0.032818 
2.45 -0.0353653 
2.455 -0.0379066 
2.46 -0.0404418 
2.465 -0.0429708 
2.47 -0.0454936 
2.475 -0.0480102 
2.48 -0.0505205 
2.485 -0.0530244 
2.49 -0.055522 
2.495 -0.0580133 
2.5 -0.060498 
2.505 -0.0629763 
2.51 -0.0654481 
2.515 -0.0679133 
2.52 -0.0703718 
2.525 -0.0728238 
2.53 -0.075269 
2.535 -0.0777076 
2.54 -0.0801394 
2.545 -0.0825643 
2.55 -0.0849825 
2.555 -0.0873937 
2.56 -0.0897981 
2.565 -0.0921955 
2.57 -0.0945859 
2.575 -0.0969692 
2.58 -0.0993455 
2.585 -0.101715 
2.59 -0.104077 
2.595 -0.106432 
2.6 -0.108779 
2.605 -0.11112 
2.61 -0.113453 
2.615 -0.115778 
2.62 -0.118097 
2.625 -0.120408 
2.63 -0.122711 
2.635 -0.125007 
2.64 -0.127296 
2.645 -0.129577 
2.65 -0.13185 
2.655 -0.134116 
2.66 -0.136374 
2.665 -0.138625 
2.67 -0.140867 
2.675 -0.143102 
2.68 -0.145329 
2.685 -0.147549 
2.69 -0.14976 
2.695 -0.151964 
2.7 -0.154159 
2.705 -0.156347 
2.71 -0.158527 
2.715 -0.160698 
2.72 -0.162862 
2.725 -0.165018 
2.73 -0.167165 
2.735 -0.169304 
2.74 -0.171435 
2.745 -0.173558 
2.75 -0.175672 
2.755 -0.177779 
2.76 -0.179876 
2.765 -0.181966 
2.77 -0.184047 
2.775 -0.18612 
2.78 -0.188184 
2.785 -0.19024 
2.79 -0.192287 
2.795 -0.194326 
2.8 -0.196356 
2.805 -0.198378 
2.81 -0.200391 
2.815 -0.202395 
2.82 -0.204391 
2.825 -0.206378 
2.83 -0.208356 
2.835 -0.210325 
2.84 -0.212286 
2.845 -0.214238 
2.85 -0.21618 
2.855 -0.218114 
2.86 -0.22004 
2.865 -0.221956 
2.87 -0.223863 
2.875 -0.225761 
2.88 -0.22765 
2.885 -0.22953 
2.89 -0.231401 
2.895 -0.233263 
2.9 -0.235116 
2.905 -0.23696 
2.91 -0.238794 
2.915 -0.24062 
2.92 -0.242436 
2.925 -0.244242 
2.93 -0.24604 
2.935 -0.247828 
2.94 -0.249607 
2.945 -0.251376 
2.95 -0.253137 
2.955 -0.254887 
2.96 -0.256629 
2.965 -0.25836 
2.97 -0.260083 
2.975 -0.261796 
2.98 -0.263499 
2.985 -0.265193 
2.99 -0.266877 
2.995 -0.268552 
3 -0.270217 
3.005 -0.271872 
3.01 -0.273518 
3.015 -0.275154 
3.02 -0.276781 
3.025 -0.278397 
3.03 -0.280004 
3.035 -0.281601 
3.04 -0.283189 
3.045 -0.284766 
3.05 -0.286334 
3.055 -0.287892 
3.06 -0.28944 
3.065 -0.290979 
3.07 -0.292507 
3.075 -0.294025 
3.08 -0.295534 
3.085 -0.297033 
3.09 -0.298521 
3.095 -0.3 
3.1 -0.301468 
3.105 -0.302927 
3.11 -0.304376 
3.115 -0.305814 
3.12 -0.307243 
3.125 -0.308661 
3.13 -0.310069 
3.135 -0.311467 
3.14 -0.312855 
3.145 -0.314233 
3.15 -0.315601 
3.155 -0.316958 
3.16 -0.318306 
3.165 -0.319643 
3.17 -0.32097 
3.175 -0.322286 
3.18 -0.323593 
3.185 -0.324889 
3.19 -0.326174 
3.195 -0.32745 
3.2 -0.328715 
3.205 -0.32997 
3.21 -0.331215 
3.215 -0.332449 
3.22 -0.333673 
3.225 -0.334886 
3.23 -0.336089 
3.235 -0.337282 
3.24 -0.338464 
3.245 -0.339636 
3.25 -0.340798 
3.255 -0.341949 
3.26 -0.343089 
3.265 -0.344219 
3.27 -0.345339 
3.275 -0.346448 
3.28 -0.347547 
3.285 -0.348635 
3.29 -0.349713 
3.295 -0.35078 
3.3 -0.351836 
3.305 -0.352882 
3.31 -0.353918 
3.315 -0.354943 
3.32 -0.355957 
3.325 -0.356961 
3.33 -0.357954 
3.335 -0.358937 
3.34 -0.359909 
3.345 -0.360871 
3.35 -0.361822 
3.355 -0.362762 
3.36 -0.363692 
3.365 -0.364611 
3.37 -0.365519 
3.375 -0.366417 
3.38 -0.367304 
3.385 -0.368181 
3.39 -0.369047 
3.395 -0.369902 
3.4 -0.370747 
3.405 -0.371581 
3.41 -0.372404 
3.415 -0.373216 
3.42 -0.374018 
3.425 -0.37481 
3.43 -0.37559 
3.435 -0.37636 
3.44 -0.377119 
3.445 -0.377868 
3.45 -0.378606 
3.455 -0.379333 
3.46 -0.38005 
3.465 -0.380755 
3.47 -0.381451 
3.475 -0.382135 
3.48 -0.382809 
3.485 -0.383472 
3.49 -0.384124 
3.495 -0.384766 
3.5 -0.385397 
3.505 -0.386017 
3.51 -0.386627 
3.515 -0.387226 
3.52 -0.387814 
3.525 -0.388392 
3.53 -0.388958 
3.535 -0.389515 
3.54 -0.39006 
3.545 -0.390595 
3.55 -0.391119 
3.555 -0.391633 
3.56 -0.392135 
3.565 -0.392628 
3.57 -0.393109 
3.575 -0.39358 
3.58 -0.39404 
3.585 -0.39449 
3.59 -0.394928 
3.595 -0.395357 
3.6 -0.395774 
3.605 -0.396181 
3.61 -0.396578 
3.615 -0.396963 
3.62 -0.397338 
3.625 -0.397703 
3.63 -0.398057 
3.635 -0.3984 
3.64 -0.398733 
3.645 -0.399055 
3.65 -0.399366 
3.655 -0.399667 
3.66 -0.399958 
3.665 -0.400237 
3.67 -0.400507 
3.675 -0.400766 
3.68 -0.401014 
3.685 -0.401251 
3.69 -0.401479 
3.695 -0.401695 
3.7 -0.401901 
3.705 -0.402097 
3.71 -0.402282 
3.715 -0.402457 
3.72 -0.402621 
3.725 -0.402775 
3.73 -0.402919 
3.735 -0.403052 
3.74 -0.403174 
3.745 -0.403286 
3.75 -0.403388 
3.755 -0.403479 
3.76 -0.40356 
3.765 -0.403631 
3.77 -0.403691 
3.775 -0.403741 
3.78 -0.403781 
3.785 -0.40381 
3.79 -0.403829 
3.795 -0.403838 
3.8 -0.403836 
3.805 -0.403825 
3.81 -0.403803 
3.815 -0.40377 
3.82 -0.403728 
3.825 -0.403675 
3.83 -0.403612 
3.835 -0.403539 
3.84 -0.403456 
3.845 -0.403363 
3.85 -0.40326 
3.855 -0.403146 
3.86 -0.403022 
3.865 -0.402889 
3.87 -0.402745 
3.875 -0.402591 
3.88 -0.402427 
3.885 -0.402253 
3.89 -0.40207 
3.895 -0.401876 
3.9 -0.401672 
3.905 -0.401458 
3.91 -0.401235 
3.915 -0.401001 
3.92 -0.400758 
3.925 -0.400504 
3.93 -0.400241 
3.935 -0.399968 
3.94 -0.399685 
3.945 -0.399393 
3.95 -0.39909 
3.955 -0.398778 
3.96 -0.398456 
3.965 -0.398125 
3.97 -0.397784 
3.975 -0.397433 
3.98 -0.397072 
3.985 -0.396702 
3.99 -0.396322 
3.995 -0.395933 
4 -0.395534 
4.005 -0.395125 
4.01 -0.394707 
4.015 -0.394279 
4.02 -0.393842 
4.025 -0.393396 
4.03 -0.39294 
4.035 -0.392475 
4.04 -0.392 
4.045 -0.391516 
4.05 -0.391022 
4.055 -0.39052 
4.06 -0.390007 
4.065 -0.389486 
4.07 -0.388955 
4.075 -0.388416 
4.08 -0.387867 
4.085 -0.387308 
4.09 -0.386741 
4.095 -0.386165 
4.1 -0.385579 
4.105 -0.384984 
4.11 -0.384381 
4.115 -0.383768 
4.12 -0.383146 
4.125 -0.382515 
4.13 -0.381876 
4.135 -0.381227 
4.14 -0.38057 
4.145 -0.379903 
4.15 -0.379228 
4.155 -0.378544 
4.16 -0.377851 
4.165 -0.37715 
4.17 -0.376439 
4.175 -0.37572 
4.18 -0.374993 
4.185 -0.374256 
4.19 -0.373511 
4.195 -0.372758 
4.2 -0.371996 
4.205 -0.371225 
4.21 -0.370446 
4.215 -0.369658 
4.22 -0.368862 
4.225 -0.368058 
4.23 -0.367245 
4.235 -0.366423 
4.24 -0.365594 
4.245 -0.364756 
4.25 -0.36391 
4.255 -0.363055 
4.26 -0.362193 
4.265 -0.361322 
4.27 -0.360443 
4.275 -0.359556 
4.28 -0.358661 
4.285 -0.357757 
4.29 -0.356846 
4.295 -0.355927 
4.3 -0.354999 
4.305 -0.354064 
4.31 -0.353121 
4.315 -0.35217 
4.32 -0.351212 
4.325 -0.350245 
4.33 -0.349271 
4.335 -0.348288 
4.34 -0.347299 
4.345 -0.346301 
4.35 -0.345296 
4.355 -0.344283 
4.36 -0.343263 
4.365 -0.342235 
4.37 -0.3412 
4.375 -0.340157 
4.38 -0.339107 
4.385 -0.338049 
4.39 -0.336984 
4.395 -0.335912 
4.4 -0.334832 
4.405 -0.333745 
4.41 -0.332651 
4.415 -0.331549 
4.42 -0.330441 
4.425 -0.329325 
4.43 -0.328202 
4.435 -0.327072 
4.44 -0.325935 
4.445 -0.324792 
4.45 -0.323641 
4.455 -0.322483 
4.46 -0.321318 
4.465 -0.320147 
4.47 -0.318969 
4.475 -0.317784 
4.48 -0.316592 
4.485 -0.315393 
4.49 -0.314188 
4.495 -0.312976 
4.5 -0.311758 
4.505 -0.310533 
4.51 -0.309302 
4.515 -0.308064 
4.52 -0.306819 
4.525 -0.305568 
4.53 -0.304311 
4.535 -0.303048 
4.54 -0.301778 
4.545 -0.300502 
4.55 -0.29922 
4.555 -0.297931 
4.56 -0.296637 
4.565 -0.295336 
4.57 -0.294029 
4.575 -0.292716 
4.58 -0.291398 
4.585 -0.290073 
4.59 -0.288742 
4.595 -0.287406 
4.6 -0.286064 
4.605 -0.284715 
4.61 -0.283362 
4.615 -0.282002 
4.62 -0.280637 
4.625 -0.279266 
4.63 -0.277889 
4.635 -0.276507 
4.64 -0.27512 
4.645 -0.273727 
4.65 -0.272328 
4.655 -0.270924 
4.66 -0.269515 
4.665 -0.2681 
4.67 -0.26668 
4.675 -0.265255 
4.68 -0.263825 
4.685 -0.26239 
4.69 -0.260949 
4.695 -0.259503 
4.7 -0.258053 
4.705 -0.256597 
4.71 -0.255136 
4.715 -0.253671 
4.72 -0.2522 
4.725 -0.250725 
4.73 -0.249245 
4.735 -0.24776 
4.74 -0.246271 
4.745 -0.244776 
4.75 -0.243278 
4.755 -0.241774 
4.76 -0.240266 
4.765 -0.238754 
4.77 -0.237237 
4.775 -0.235716 
4.78 -0.23419 
4.785 -0.23266 
4.79 -0.231126 
4.795 -0.229587 
4.8 -0.228044 
4.805 -0.226497 
4.81 -0.224946 
4.815 -0.223391 
4.82 -0.221832 
4.825 -0.220269 
4.83 -0.218701 
4.835 -0.21713 
4.84 -0.215555 
4.845 -0.213977 
4.85 -0.212394 
4.855 -0.210808 
4.86 -0.209218 
4.865 -0.207624 
4.87 -0.206027 
4.875 -0.204426 
4.88 -0.202822 
4.885 -0.201214 
4.89 -0.199602 
4.895 -0.197988 
4.9 -0.19637 
4.905 -0.194748 
4.91 -0.193124 
4.915 -0.191496 
4.92 -0.189865 
4.925 -0.18823 
4.93 -0.186593 
4.935 -0.184953 
4.94 -0.183309 
4.945 -0.181663 
4.95 -0.180014 
4.955 -0.178361 
4.96 -0.176706 
4.965 -0.175048 
4.97 -0.173388 
4.975 -0.171725 
4.98 -0.170059 
4.985 -0.16839 
4.99 -0.166719 
4.995 -0.165045 
5 -0.163369 
5.005 -0.16169 
5.01 -0.160009 
5.015 -0.158326 
5.02 -0.15664 
5.025 -0.154952 
5.03 -0.153262 
5.035 -0.151569 
5.04 -0.149875 
5.045 -0.148178 
5.05 -0.146479 
5.055 -0.144779 
5.06 -0.143076 
5.065 -0.141371 
5.07 -0.139665 
5.075 -0.137956 
5.08 -0.136246 
5.085 -0.134534 
5.09 -0.132821 
5.095 -0.131105 
5.1 -0.129388 
5.105 -0.12767 
5.11 -0.12595 
5.115 -0.124228 
5.12 -0.122505 
5.125 -0.120781 
5.13 -0.119055 
5.135 -0.117328 
5.14 -0.1156 
5.145 -0.11387 
5.15 -0.112139 
5.155 -0.110408 
5.16 -0.108675 
5.165 -0.10694 
5.17 -0.105205 
5.175 -0.103469 
5.18 -0.101732 
5.185 -0.0999946 
5.19 -0.098256 
5.195 -0.0965165 
5.2 -0.0947763 
5.205 -0.0930354 
5.21 -0.0912938 
5.215 -0.0895516 
5.22 -0.0878088 
5.225 -0.0860655 
5.23 -0.0843217 
5.235 -0.0825775 
5.24 -0.0808328 
5.245 -0.0790878 
5.25 -0.0773425 
5.255 -0.0755969 
5.26 -0.073851 
5.265 -0.072105 
5.27 -0.0703589 
5.275 -0.0686126 
5.28 -0.0668663 
5.285 -0.0651199 
5.29 -0.0633736 
5.295 -0.0616273 
5.3 -0.0598812 
5.305 -0.0581352 
5.31 -0.0563894 
5.315 -0.0546439 
5.32 -0.0528986 
5.325 -0.0511537 
5.33 -0.0494091 
5.335 -0.047665 
5.34 -0.0459212 
5.345 -0.044178 
5.35 -0.0424354 
5.355 -0.0406933 
5.36 -0.0389518 
5.365 -0.037211 
5.37 -0.0354709 
5.375 -0.0337315 
5.38 -0.031993 
5.385 -0.0302552 
5.39 -0.0285184 
5.395 -0.0267824 
5.4 -0.0250475 
5.405 -0.0233135 
5.41 -0.0215805 
5.415 -0.0198487 
5.42 -0.0181179 
5.425 -0.0163884 
5.43 -0.01466 
5.435 -0.0129329 
5.44 -0.0112071 
5.445 -0.00948261 
5.45 -0.00775949 
5.455 -0.00603779 
5.46 -0.00431754 
5.465 -0.00259879 
5.47 -0.00088157 
5.475 0.00083407 
5.48 0.00254809 
5.485 0.00426045 
5.49 0.00597112 
5.495 0.00768004 
5.5 0.00938719 
5.505 0.0110925 
5.51 0.012796 
5.515 0.0144975 
5.52 0.0161972 
5.525 0.0178948 
5.53 0.0195904 
5.535 0.021284 
5.54 0.0229754 
5.545 0.0246648 
5.55 0.0263519 
5.555 0.0280368 
5.56 0.0297195 
5.565 0.0313998 
5.57 0.0330779 
5.575 0.0347535 
5.58 0.0364268 
5.585 0.0380975 
5.59 0.0397658 
5.595 0.0414316 
5.6 0.0430948 
5.605 0.0447553 
5.61 0.0464133 
5.615 0.0480685 
5.62 0.049721 
5.625 0.0513708 
5.63 0.0530177 
5.635 0.0546619 
5.64 0.0563031 
5.645 0.0579414 
5.65 0.0595768 
5.655 0.0612092 
5.66 0.0628385 
5.665 0.0644648 
5.67 0.066088 
5.675 0.0677081 
5.68 0.0693249 
5.685 0.0709386 
5.69 0.072549 
5.695 0.0741561 
5.7 0.0757599 
5.705 0.0773604 
5.71 0.0789574 
5.715 0.080551 
5.72 0.0821412 
5.725 0.0837278 
5.73 0.0853109 
5.735 0.0868905 
5.74 0.0884664 
5.745 0.0900386 
5.75 0.0916072 
5.755 0.0931721 
5.76 0.0947332 
5.765 0.0962905 
5.77 0.097844 
5.775 0.0993936 
5.78 0.100939 
5.785 0.102481 
5.79 0.104019 
5.795 0.105553 
5.8 0.107083 
5.805 0.108608 
5.81 0.11013 
5.815 0.111648 
5.82 0.113161 
5.825 0.11467 
5.83 0.116175 
5.835 0.117676 
5.84 0.119172 
5.845 0.120664 
5.85 0.122152 
5.855 0.123635 
5.86 0.125114 
5.865 0.126588 
5.87 0.128058 
5.875 0.129523 
5.88 0.130984 
5.885 0.13244 
5.89 0.133892 
5.895 0.135339 
5.9 0.136781 
5.905 0.138219 
5.91 0.139651 
5.915 0.141079 
5.92 0.142502 
5.925 0.143921 
5.93 0.145334 
5.935 0.146743 
5.94 0.148146 
5.945 0.149545 
5.95 0.150938 
5.955 0.152327 
5.96 0.153711 
5.965 0.155089 
5.97 0.156462 
5.975 0.157831 
5.98 0.159194 
5.985 0.160551 
5.99 0.161904 
5.995 0.163251 
6 0.164593 
6.005 0.16593 
6.01 0.167261 
6.015 0.168587 
6.02 0.169908 
6.025 0.171223 
6.03 0.172533 
6.035 0.173837 
6.04 0.175136 
6.045 0.176429 
6.05 0.177716 
6.055 0.178998 
6.06 0.180275 
6.065 0.181545 
6.07 0.18281 
6.075 0.18407 
6.08 0.185323 
6.085 0.186571 
6.09 0.187813 
6.095 0.189049 
6.1 0.19028 
6.105 0.191504 
6.11 0.192723 
6.115 0.193936 
6.12 0.195143 
6.125 0.196344 
6.13 0.197539 
6.135 0.198727 
6.14 0.19991 
6.145 0.201087 
6.15 0.202258 
6.155 0.203423 
6.16 0.204581 
6.165 0.205733 
6.17 0.20688 
6.175 0.20802 
6.18 0.209153 
6.185 0.210281 
6.19 0.211402 
6.195 0.212517 
6.2 0.213626 
6.205 0.214728 
6.21 0.215824 
6.215 0.216914 
6.22 0.217997 
6.225 0.219074 
6.23 0.220145 
6.235 0.221208 
6.24 0.222266 
6.245 0.223317 
6.25 0.224361 
6.255 0.225399 
6.26 0.226431 
6.265 0.227455 
6.27 0.228474 
6.275 0.229485 
6.28 0.23049 
6.285 0.231488 
6.29 0.23248 
6.295 0.233465 
6.3 0.234443 
6.305 0.235414 
6.31 0.236379 
6.315 0.237337 
6.32 0.238288 
6.325 0.239232 
6.33 0.24017 
6.335 0.2411 
6.34 0.242024 
6.345 0.242941 
6.35 0.243851 
6.355 0.244754 
6.36 0.245651 
6.365 0.24654 
6.37 0.247422 
6.375 0.248297 
6.38 0.249166 
6.385 0.250027 
6.39 0.250881 
6.395 0.251729 
6.4 0.252569 
6.405 0.253402 
6.41 0.254228 
6.415 0.255047 
6.42 0.255859 
6.425 0.256664 
6.43 0.257461 
6.435 0.258252 
6.44 0.259035 
6.445 0.259811 
6.45 0.26058 
6.455 0.261342 
6.46 0.262097 
6.465 0.262844 
6.47 0.263584 
6.475 0.264317 
6.48 0.265042 
6.485 0.26576 
6.49 0.266471 
6.495 0.267175 
6.5 0.267871 
6.505 0.26856 
6.51 0.269242 
6.515 0.269916 
6.52 0.270583 
6.525 0.271243 
6.53 0.271895 
6.535 0.27254 
6.54 0.273178 
6.545 0.273808 
6.55 0.27443 
6.555 0.275046 
6.56 0.275653 
6.565 0.276254 
6.57 0.276847 
6.575 0.277432 
6.58 0.27801 
6.585 0.278581 
6.59 0.279144 
6.595 0.279699 
6.6 0.280247 
6.605 0.280788 
6.61 0.281321 
6.615 0.281846 
6.62 0.282364 
6.625 0.282874 
6.63 0.283377 
6.635 0.283873 
6.64 0.28436 
6.645 0.284841 
6.65 0.285313 
6.655 0.285778 
6.66 0.286236 
6.665 0.286686 
6.67 0.287128 
6.675 0.287563 
6.68 0.28799 
6.685 0.288409 
6.69 0.288821 
6.695 0.289226 
6.7 0.289622 
6.705 0.290012 
6.71 0.290393 
6.715 0.290767 
6.72 0.291133 
6.725 0.291492 
6.73 0.291843 
6.735 0.292186 
6.74 0.292522 
6.745 0.29285 
6.75 0.293171 
6.755 0.293483 
6.76 0.293789 
6.765 0.294086 
6.77 0.294376 
6.775 0.294658 
6.78 0.294933 
6.785 0.2952 
6.79 0.295459 
6.795 0.295711 
6.8 0.295955 
6.805 0.296191 
6.81 0.29642 
6.815 0.296641 
6.82 0.296854 
6.825 0.29706 
6.83 0.297258 
6.835 0.297449 
6.84 0.297632 
6.845 0.297807 
6.85 0.297975 
6.855 0.298135 
6.86 0.298287 
6.865 0.298432 
6.87 0.298569 
6.875 0.298698 
6.88 0.29882 
6.885 0.298934 
6.89 0.299041 
6.895 0.29914 
6.9 0.299231 
6.905 0.299315 
6.91 0.299391 
6.915 0.29946 
6.92 0.299521 
6.925 0.299575 
6.93 0.29962 
6.935 0.299659 
6.94 0.299689 
6.945 0.299712 
6.95 0.299728 
6.955 0.299736 
6.96 0.299737 
6.965 0.29973 
6.97 0.299715 
6.975 0.299693 
6.98 0.299663 
6.985 0.299626 
6.99 0.299581 
6.995 0.299529 
7 0.29947 
7.005 0.299403 
7.01 0.299328 
7.015 0.299246 
7.02 0.299156 
7.025 0.299059 
7.03 0.298955 
7.035 0.298843 
7.04 0.298724 
7.045 0.298597 
7.05 0.298463 
7.055 0.298321 
7.06 0.298172 
7.065 0.298016 
7.07 0.297852 
7.075 0.297681 
7.08 0.297503 
7.085 0.297317 
7.09 0.297124 
7.095 0.296924 
7.1 0.296716 
7.105 0.296501 
7.11 0.296279 
7.115 0.29605 
7.12 0.295813 
7.125 0.295569 
7.13 0.295317 
7.135 0.295059 
7.14 0.294793 
7.145 0.29452 
7.15 0.29424 
7.155 0.293953 
7.16 0.293659 
7.165 0.293357 
7.17 0.293048 
7.175 0.292732 
7.18 0.292409 
7.185 0.292079 
7.19 0.291742 
7.195 0.291398 
7.2 0.291047 
7.205 0.290688 
7.21 0.290323 
7.215 0.289951 
7.22 0.289571 
7.225 0.289185 
7.23 0.288792 
7.235 0.288392 
7.24 0.287985 
7.245 0.28757 
7.25 0.287149 
7.255 0.286722 
7.26 0.286287 
7.265 0.285845 
7.27 0.285397 
7.275 0.284942 
7.28 0.28448 
7.285 0.284011 
7.29 0.283535 
7.295 0.283053 
7.3 0.282564 
7.305 0.282068 
7.31 0.281566 
7.315 0.281056 
7.32 0.280541 
7.325 0.280018 
7.33 0.279489 
7.335 0.278953 
7.34 0.278411 
7.345 0.277862 
7.35 0.277307 
7.355 0.276745 
7.36 0.276176 
7.365 0.275601 
7.37 0.27502 
7.375 0.274432 
7.38 0.273838 
7.385 0.273237 
7.39 0.27263 
7.395 0.272016 
7.4 0.271396 
7.405 0.27077 
7.41 0.270138 
7.415 0.269499 
7.42 0.268854 
7.425 0.268203 
7.43 0.267545 
7.435 0.266881 
7.44 0.266211 
7.445 0.265535 
7.45 0.264853 
7.455 0.264165 
7.46 0.26347 
7.465 0.26277 
7.47 0.262063 
7.475 0.261351 
7.48 0.260632 
7.485 0.259907 
7.49 0.259177 
7.495 0.25844 
7.5 0.257698 
7.505 0.25695 
7.51 0.256196 
7.515 0.255435 
7.52 0.25467 
7.525 0.253898 
7.53 0.253121 
7.535 0.252337 
7.54 0.251549 
7.545 0.250754 
7.55 0.249954 
7.555 0.249148 
7.56 0.248336 
7.565 0.247519 
7.57 0.246696 
7.575 0.245868 
7.58 0.245034 
7.585 0.244195 
7.59 0.24335 
7.595 0.2425 
7.6 0.241644 
7.605 0.240783 
7.61 0.239917 
7.615 0.239045 
7.62 0.238168 
7.625 0.237286 
7.63 0.236398 
7.635 0.235505 
7.64 0.234607 
7.645 0.233703 
7.65 0.232795 
7.655 0.231881 
7.66 0.230963 
7.665 0.230039 
7.67 0.22911 
7.675 0.228176 
7.68 0.227237 
7.685 0.226293 
7.69 0.225344 
7.695 0.224391 
7.7 0.223432 
7.705 0.222468 
7.71 0.2215 
7.715 0.220527 
7.72 0.219549 
7.725 0.218566 
7.73 0.217579 
7.735 0.216587 
7.74 0.21559 
7.745 0.214589 
7.75 0.213583 
7.755 0.212572 
7.76 0.211557 
7.765 0.210537 
7.77 0.209513 
7.775 0.208485 
7.78 0.207452 
7.785 0.206414 
7.79 0.205373 
7.795 0.204326 
7.8 0.203276 
7.805 0.202221 
7.81 0.201162 
7.815 0.200099 
7.82 0.199031 
7.825 0.19796 
7.83 0.196884 
7.835 0.195804 
7.84 0.19472 
7.845 0.193632 
7.85 0.192541 
7.855 0.191445 
7.86 0.190345 
7.865 0.189241 
7.87 0.188133 
7.875 0.187022 
7.88 0.185906 
7.885 0.184787 
7.89 0.183664 
7.895 0.182537 
7.9 0.181407 
7.905 0.180273 
7.91 0.179135 
7.915 0.177994 
7.92 0.176849 
7.925 0.1757 
7.93 0.174548 
7.935 0.173393 
7.94 0.172234 
7.945 0.171072 
7.95 0.169906 
7.955 0.168737 
7.96 0.167564 
7.965 0.166389 
7.97 0.16521 
7.975 0.164028 
7.98 0.162842 
7.985 0.161654 
7.99 0.160462 
7.995 0.159267 
8 0.158069 
8.005 0.156868 
8.01 0.155665 
8.015 0.154458 
8.02 0.153248 
8.025 0.152035 
8.03 0.15082 
8.035 0.149601 
8.04 0.14838 
8.045 0.147156 
8.05 0.145929 
8.055 0.1447 
8.06 0.143468 
8.065 0.142233 
8.07 0.140996 
8.075 0.139756 
8.08 0.138513 
8.085 0.137268 
8.09 0.136021 
8.095 0.134771 
8.1 0.133518 
8.105 0.132264 
8.11 0.131007 
8.115 0.129747 
8.12 0.128486 
8.125 0.127222 
8.13 0.125956 
8.135 0.124687 
8.14 0.123417 
8.145 0.122145 
8.15 0.12087 
8.155 0.119593 
8.16 0.118315 
8.165 0.117034 
8.17 0.115752 
8.175 0.114467 
8.18 0.113181 
8.185 0.111893 
8.19 0.110603 
8.195 0.109311 
8.2 0.108018 
8.205 0.106722 
8.21 0.105426 
8.215 0.104127 
8.22 0.102827 
8.225 0.101525 
8.23 0.100222 
8.235 0.0989174 
8.24 0.0976113 
8.245 0.0963037 
8.25 0.0949948 
8.255 0.0936844 
8.26 0.0923727 
8.265 0.0910598 
8.27 0.0897456 
8.275 0.0884301 
8.28 0.0871135 
8.285 0.0857957 
8.29 0.0844767 
8.295 0.0831567 
8.3 0.0818356 
8.305 0.0805135 
8.31 0.0791904 
8.315 0.0778664 
8.32 0.0765414 
8.325 0.0752155 
8.33 0.0738888 
8.335 0.0725613 
8.34 0.071233 
8.345 0.0699039 
8.35 0.0685741 
8.355 0.0672436 
8.36 0.0659125 
8.365 0.0645808 
8.37 0.0632484 
8.375 0.0619156 
8.38 0.0605822 
8.385 0.0592483 
8.39 0.057914 
8.395 0.0565793 
8.4 0.0552442 
8.405 0.0539088 
8.41 0.052573 
8.415 0.051237 
8.42 0.0499007 
8.425 0.0485642 
8.43 0.0472276 
8.435 0.0458908 
8.44 0.0445539 
8.445 0.0432169 
8.45 0.0418799 
8.455 0.0405429 
8.46 0.0392059 
8.465 0.0378689 
8.47 0.0365321 
8.475 0.0351954 
8.48 0.0338588 
8.485 0.0325224 
8.49 0.0311863 
8.495 0.0298504 
8.5 0.0285149 
8.505 0.0271796 
8.51 0.0258447 
8.515 0.0245102 
8.52 0.0231762 
8.525 0.0218425 
8.53 0.0205094 
8.535 0.0191768 
8.54 0.0178448 
8.545 0.0165134 
8.55 0.0151826 
8.555 0.0138524 
8.56 0.012523 
8.565 0.0111943 
8.57 0.0098663 
8.575 0.00853912 
8.58 0.00721277 
8.585 0.00588727 
8.59 0.00456266 
8.595 0.00323898 
8.6 0.00191625 
8.605 0.0005945 
8.61 -0.000726226 
8.615 -0.0020459 
8.62 -0.00336449 
8.625 -0.00468196 
8.63 -0.00599829 
8.635 -0.00731343 
8.64 -0.00862737 
8.645 -0.00994005 
8.65 -0.0112515 
8.655 -0.0125616 
8.66 -0.0138703 
8.665 -0.0151777 
8.67 -0.0164837 
8.675 -0.0177882 
8.68 -0.0190913 
8.685 -0.0203929 
8.69 -0.0216929 
8.695 -0.0229914 
8.7 -0.0242883 
8.705 -0.0255836 
8.71 -0.0268772 
8.715 -0.0281691 
8.72 -0.0294593 
8.725 -0.0307478 
8.73 -0.0320344 
8.735 -0.0333193 
8.74 -0.0346023 
8.745 -0.0358834 
8.75 -0.0371627 
8.755 -0.03844 
8.76 -0.0397153 
8.765 -0.0409886 
8.77 -0.04226 
8.775 -0.0435292 
8.78 -0.0447964 
8.785 -0.0460614 
8.79 -0.0473243 
8.795 -0.048585 
8.8 -0.0498436 
8.805 -0.0510998 
8.81 -0.0523538 
8.815 -0.0536055 
8.82 -0.0548549 
8.825 -0.056102 
8.83 -0.0573466 
8.835 -0.0585888 
8.84 -0.0598286 
8.845 -0.0610659 
8.85 -0.0623007 
8.855 -0.063533 
8.86 -0.0647627 
8.865 -0.0659898 
8.87 -0.0672143 
8.875 -0.0684362 
8.88 -0.0696553 
8.885 -0.0708718 
8.89 -0.0720855 
8.895 -0.0732965 
8.9 -0.0745047 
8.905 -0.0757101 
8.91 -0.0769126 
8.915 -0.0781122 
8.92 -0.079309 
8.925 -0.0805028 
8.93 -0.0816936 
8.935 -0.0828815 
8.94 -0.0840663 
8.945 -0.0852482 
8.95 -0.0864269 
8.955 -0.0876026 
8.96 -0.0887751 
8.965 -0.0899445 
8.97 -0.0911107 
8.975 -0.0922737 
8.98 -0.0934335 
8.985 -0.09459 
8.99 -0.0957432 
8.995 -0.0968932 
9 -0.0980397 
9.005 -0.099183 
9.01 -0.100323 
9.015 -0.101459 
9.02 -0.102592 
9.025 -0.103722 
9.03 -0.104848 
9.035 -0.10597 
9.04 -0.107089 
9.045 -0.108205 
9.05 -0.109317 
9.055 -0.110425 
9.06 -0.111529 
9.065 -0.11263 
9.07 -0.113727 
9.075 -0.114821 
9.08 -0.115911 
9.085 -0.116997 
9.09 -0.118079 
9.095 -0.119157 
9.1 -0.120232 
9.105 -0.121302 
9.11 -0.122369 
9.115 -0.123432 
9.12 -0.124491 
9.125 -0.125546 
9.13 -0.126597 
9.135 -0.127644 
9.14 -0.128687 
9.145 -0.129726 
9.15 -0.130761 
9.155 -0.131792 
9.16 -0.132818 
9.165 -0.133841 
9.17 -0.134859 
9.175 -0.135873 
9.18 -0.136883 
9.185 -0.137889 
9.19 -0.138891 
9.195 -0.139888 
9.2 -0.140881 
9.205 -0.141869 
9.21 -0.142854 
9.215 -0.143834 
9.22 -0.144809 
9.225 -0.14578 
9.23 -0.146747 
9.235 -0.147709 
9.24 -0.148667 
9.245 -0.14962 
9.25 -0.150569 
9.255 -0.151513 
9.26 -0.152453 
9.265 -0.153388 
9.27 -0.154319 
9.275 -0.155245 
9.28 -0.156166 
9.285 -0.157083 
9.29 -0.157995 
9.295 -0.158903 
9.3 -0.159805 
9.305 -0.160703 
9.31 -0.161597 
9.315 -0.162485 
9.32 -0.163369 
9.325 -0.164248 
9.33 -0.165122 
9.335 -0.165991 
9.34 -0.166856 
9.345 -0.167715 
9.35 -0.16857 
9.355 -0.16942 
9.36 -0.170265 
9.365 -0.171105 
9.37 -0.17194 
9.375 -0.17277 
9.38 -0.173595 
9.385 -0.174415 
9.39 -0.17523 
9.395 -0.17604 
9.4 -0.176845 
9.405 -0.177645 
9.41 -0.17844 
9.415 -0.179229 
9.42 -0.180014 
9.425 -0.180794 
9.43 -0.181568 
9.435 -0.182337 
9.44 -0.183101 
9.445 -0.18386 
9.45 -0.184614 
9.455 -0.185362 
9.46 -0.186105 
9.465 -0.186843 
9.47 -0.187576 
9.475 -0.188303 
9.48 -0.189025 
9.485 -0.189742 
9.49 -0.190453 
9.495 -0.19116 
9.5 -0.19186 
9.505 -0.192556 
9.51 -0.193246 
9.515 -0.193931 
9.52 -0.19461 
9.525 -0.195284 
9.53 -0.195952 
9.535 -0.196615 
9.54 -0.197273 
9.545 -0.197925 
9.55 -0.198572 
9.555 -0.199213 
9.56 -0.199849 
9.565 -0.200479 
9.57 -0.201104 
9.575 -0.201723 
9.58 -0.202336 
9.585 -0.202944 
9.59 -0.203547 
9.595 -0.204144 
9.6 -0.204735 
9.605 -0.205321 
9.61 -0.205901 
9.615 -0.206476 
9.62 -0.207045 
9.625 -0.207608 
9.63 -0.208166 
9.635 -0.208718 
9.64 -0.209264 
9.645 -0.209805 
9.65 -0.21034 
9.655 -0.21087 
9.66 -0.211393 
9.665 -0.211911 
9.67 -0.212424 
9.675 -0.21293 
9.68 -0.213431 
9.685 -0.213926 
9.69 -0.214416 
9.695 -0.214899 
9.7 -0.215377 
9.705 -0.215849 
9.71 -0.216316 
9.715 -0.216776 
9.72 -0.217231 
9.725 -0.21768 
9.73 -0.218123 
9.735 -0.218561 
9.74 -0.218993 
9.745 -0.219418 
9.75 -0.219838 
9.755 -0.220253 
9.76 -0.220661 
9.765 -0.221064 
9.77 -0.22146 
9.775 -0.221851 
9.78 -0.222236 
9.785 -0.222615 
9.79 -0.222989 
9.795 -0.223356 
9.8 -0.223718 
9.805 -0.224073 
9.81 -0.224423 
9.815 -0.224767 
9.82 -0.225105 
9.825 -0.225438 
9.83 -0.225764 
9.835 -0.226084 
9.84 -0.226399 
9.845 -0.226708 
9.85 -0.22701 
9.855 -0.227307 
9.86 -0.227598 
9.865 -0.227883 
9.87 -0.228163 
9.875 -0.228436 
9.88 -0.228703 
9.885 -0.228965 
9.89 -0.22922 
9.895 -0.22947 
9.9 -0.229713 
9.905 -0.229951 
9.91 -0.230183 
9.915 -0.230409 
9.92 -0.230629 
9.925 -0.230843 
9.93 -0.231051 
9.935 -0.231254 
9.94 -0.23145 
9.945 -0.23164 
9.95 -0.231825 
9.955 -0.232004 
9.96 -0.232176 
9.965 -0.232343 
9.97 -0.232504 
9.975 -0.232659 
9.98 -0.232808 
9.985 -0.232951 
9.99 -0.233089 
9.995 -0.23322 
10 -0.233345 
10.005 -0.233465 
10.01 -0.233579 
10.015 -0.233686 
10.02 -0.233788 
10.025 -0.233884 
10.03 -0.233974 
10.035 -0.234058 
10.04 -0.234137 
10.045 -0.234209 
10.05 -0.234276 
10.055 -0.234336 
10.06 -0.234391 
10.065 -0.23444 
10.07 -0.234483 
10.075 -0.234521 
10.08 -0.234552 
10.085 -0.234578 
10.09 -0.234597 
10.095 -0.234611 
10.1 -0.234619 
10.105 -0.234621 
10.11 -0.234618 
10.115 -0.234608 
10.12 -0.234593 
10.125 -0.234572 
10.13 -0.234545 
10.135 -0.234513 
10.14 -0.234474 
10.145 -0.23443 
10.15 -0.23438 
10.155 -0.234325 
10.16 -0.234263 
10.165 -0.234196 
10.17 -0.234123 
10.175 -0.234044 
10.18 -0.23396 
10.185 -0.23387 
10.19 -0.233774 
10.195 -0.233672 
10.2 -0.233565 
10.205 -0.233452 
10.21 -0.233333 
10.215 -0.233209 
10.22 -0.233079 
10.225 -0.232944 
10.23 -0.232802 
10.235 -0.232655 
10.24 -0.232503 
10.245 -0.232345 
10.25 -0.232181 
10.255 -0.232011 
10.26 -0.231836 
10.265 -0.231656 
10.27 -0.23147 
10.275 -0.231278 
10.28 -0.231081 
10.285 -0.230878 
10.29 -0.230669 
10.295 -0.230456 
10.3 -0.230236 
10.305 -0.230011 
10.31 -0.229781 
10.315 -0.229545 
10.32 -0.229304 
10.325 -0.229057 
10.33 -0.228805 
10.335 -0.228547 
10.34 -0.228284 
10.345 -0.228016 
10.35 -0.227742 
10.355 -0.227462 
10.36 -0.227178 
10.365 -0.226888 
10.37 -0.226592 
10.375 -0.226292 
10.38 -0.225986 
10.385 -0.225674 
10.39 -0.225358 
10.395 -0.225036 
10.4 -0.224709 
10.405 -0.224376 
10.41 -0.224038 
10.415 -0.223696 
10.42 -0.223347 
10.425 -0.222994 
10.43 -0.222636 
10.435 -0.222272 
10.44 -0.221903 
10.445 -0.221529 
10.45 -0.22115 
10.455 -0.220766 
10.46 -0.220376 
10.465 -0.219982 
10.47 -0.219582 
10.475 -0.219178 
10.48 -0.218768 
10.485 -0.218353 
10.49 -0.217934 
10.495 -0.217509 
10.5 -0.217079 
10.505 -0.216645 
10.51 -0.216205 
10.515 -0.215761 
10.52 -0.215311 
10.525 -0.214857 
10.53 -0.214398 
10.535 -0.213934 
10.54 -0.213465 
10.545 -0.212991 
10.55 -0.212513 
10.555 -0.21203 
10.56 -0.211541 
10.565 -0.211049 
10.57 -0.210551 
10.575 -0.210049 
10.58 -0.209541 
10.585 -0.20903 
10.59 -0.208513 
10.595 -0.207992 
10.6 -0.207466 
10.605 -0.206936 
10.61 -0.206401 
10.615 -0.205861 
10.62 -0.205317 
10.625 -0.204769 
10.63 -0.204215 
10.635 -0.203658 
10.64 -0.203095 
10.645 -0.202529 
10.65 -0.201958 
10.655 -0.201382 
10.66 -0.200802 
10.665 -0.200218 
10.67 -0.199629 
10.675 -0.199036 
10.68 -0.198438 
10.685 -0.197836 
10.69 -0.19723 
10.695 -0.19662 
10.7 -0.196005 
10.705 -0.195386 
10.71 -0.194763 
10.715 -0.194136 
10.72 -0.193504 
10.725 -0.192869 
10.73 -0.192229 
10.735 -0.191585 
10.74 -0.190937 
10.745 -0.190285 
10.75 -0.189629 
10.755 -0.188968 
10.76 -0.188304 
10.765 -0.187636 
10.77 -0.186964 
10.775 -0.186288 
10.78 -0.185608 
10.785 -0.184924 
10.79 -0.184236 
10.795 -0.183544 
10.8 -0.182849 
10.805 -0.182149 
10.81 -0.181446 
10.815 -0.180739 
10.82 -0.180028 
10.825 -0.179314 
10.83 -0.178596 
10.835 -0.177874 
10.84 -0.177148 
10.845 -0.176419 
10.85 -0.175686 
10.855 -0.17495 
10.86 -0.17421 
10.865 -0.173466 
10.87 -0.172719 
10.875 -0.171969 
10.88 -0.171215 
10.885 -0.170457 
10.89 -0.169696 
10.895 -0.168932 
10.9 -0.168164 
10.905 -0.167393 
10.91 -0.166618 
10.915 -0.165841 
10.92 -0.165059 
10.925 -0.164275 
10.93 -0.163487 
10.935 -0.162697 
10.94 -0.161902 
10.945 -0.161105 
10.95 -0.160305 
10.955 -0.159501 
10.96 -0.158695 
10.965 -0.157885 
10.97 -0.157072 
10.975 -0.156256 
10.98 -0.155437 
10.985 -0.154615 
10.99 -0.153791 
10.995 -0.152963 
11 -0.152132 
11.005 -0.151299 
11.01 -0.150462 
11.015 -0.149623 
11.02 -0.148781 
11.025 -0.147936 
11.03 -0.147088 
11.035 -0.146238 
11.04 -0.145385 
11.045 -0.144529 
11.05 -0.14367 
11.055 -0.142809 
11.06 -0.141945 
11.065 -0.141079 
11.07 -0.14021 
11.075 -0.139339 
11.08 -0.138465 
11.085 -0.137588 
11.09 -0.136709 
11.095 -0.135828 
11.1 -0.134944 
11.105 -0.134058 
11.11 -0.133169 
11.115 -0.132278 
11.12 -0.131385 
11.125 -0.130489 
11.13 -0.129592 
11.135 -0.128692 
11.14 -0.127789 
11.145 -0.126885 
11.15 -0.125978 
11.155 -0.12507 
11.16 -0.124159 
11.165 -0.123246 
11.17 -0.122331 
11.175 -0.121414 
11.18 -0.120495 
11.185 -0.119574 
11.19 -0.118651 
11.195 -0.117726 
11.2 -0.116799 
11.205 -0.11587 
11.21 -0.11494 
11.215 -0.114008 
11.22 -0.113073 
11.225 -0.112137 
11.23 -0.1112 
11.235 -0.11026 
11.24 -0.109319 
11.245 -0.108377 
11.25 -0.107432 
11.255 -0.106486 
11.26 -0.105538 
11.265 -0.104589 
11.27 -0.103639 
11.275 -0.102686 
11.28 -0.101733 
11.285 -0.100778 
11.29 -0.0998209 
11.295 -0.0988629 
11.3 -0.0979035 
11.305 -0.0969428 
11.31 -0.0959808 
11.315 -0.0950174 
11.32 -0.0940528 
11.325 -0.0930869 
11.33 -0.0921198 
11.335 -0.0911515 
11.34 -0.090182 
11.345 -0.0892114 
11.35 -0.0882397 
11.355 -0.0872669 
11.36 -0.086293 
11.365 -0.0853181 
11.37 -0.0843422 
11.375 -0.0833653 
11.38 -0.0823875 
11.385 -0.0814087 
11.39 -0.080429 
11.395 -0.0794484 
11.4 -0.078467 
11.405 -0.0774848 
11.41 -0.0765018 
11.415 -0.075518 
11.42 -0.0745334 
11.425 -0.0735481 
11.43 -0.0725622 
11.435 -0.0715756 
11.44 -0.0705883 
11.445 -0.0696004 
11.45 -0.068612 
11.455 -0.0676229 
11.46 -0.0666334 
11.465 -0.0656433 
11.47 -0.0646528 
11.475 -0.0636618 
11.48 -0.0626703 
11.485 -0.0616785 
11.49 -0.0606863 
11.495 -0.0596938 
11.5 -0.0587009 
11.505 -0.0577077 
11.51 -0.0567143 
11.515 -0.0557206 
11.52 -0.0547267 
11.525 -0.0537326 
11.53 -0.0527383 
11.535 -0.0517439 
11.54 -0.0507494 
11.545 -0.0497548 
11.55 -0.0487601 
11.555 -0.0477654 
11.56 -0.0467707 
11.565 -0.045776 
11.57 -0.0447813 
11.575 -0.0437867 
11.58 -0.0427922 
11.585 -0.0417978 
11.59 -0.0408036 
11.595 -0.0398095 
11.6 -0.0388157 
11.605 -0.037822 
11.61 -0.0368286 
11.615 -0.0358355 
11.62 -0.0348427 
11.625 -0.0338502 
11.63 -0.032858 
11.635 -0.0318662 
11.64 -0.0308749 
11.645 -0.0298839 
11.65 -0.0288934 
11.655 -0.0279034 
11.66 -0.0269139 
11.665 -0.0259249 
11.67 -0.0249365 
11.675 -0.0239486 
11.68 -0.0229614 
11.685 -0.0219747 
11.69 -0.0209888 
11.695 -0.0200035 
11.7 -0.0190189 
11.705 -0.018035 
11.71 -0.0170519 
11.715 -0.0160696 
11.72 -0.0150881 
11.725 -0.0141074 
11.73 -0.0131275 
11.735 -0.0121486 
11.74 -0.0111705 
11.745 -0.0101934 
11.75 -0.00921717 
11.755 -0.00824196 
11.76 -0.00726774 
11.765 -0.00629455 
11.77 -0.00532241 
11.775 -0.00435133 
11.78 -0.00338136 
11.785 -0.0024125 
11.79 -0.00144479 
11.795 -0.000478248 
11.8 0.000487102 
11.805 0.00145124 
11.81 0.00241413 
11.815 0.00337576 
11.82 0.00433611 
11.825 0.00529514 
11.83 0.00625284 
11.835 0.00720918 
11.84 0.00816413 
11.845 0.00911769 
11.85 0.0100698 
11.855 0.0110205 
11.86 0.0119697 
11.865 0.0129174 
11.87 0.0138636 
11.875 0.0148082 
11.88 0.0157513 
11.885 0.0166927 
11.89 0.0176326 
11.895 0.0185708 
11.9 0.0195074 
11.905 0.0204423 
11.91 0.0213755 
11.915 0.022307 
11.92 0.0232367 
11.925 0.0241646 
11.93 0.0250908 
11.935 0.0260151 
11.94 0.0269376 
11.945 0.0278583 
11.95 0.028777 
11.955 0.0296939 
11.96 0.0306089 
11.965 0.0315218 
11.97 0.0324329 
11.975 0.0333419 
11.98 0.0342489 
11.985 0.0351539 
11.99 0.0360569 
11.995 0.0369577 
12 0.0378565 
12.005 0.0387532 
12.01 0.0396477 
12.015 0.04054 
12.02 0.0414302 
12.025 0.0423182 
12.03 0.043204 
12.035 0.0440875 
12.04 0.0449687 
12.045 0.0458477 
12.05 0.0467244 
12.055 0.0475987 
12.06 0.0484707 
12.065 0.0493404 
12.07 0.0502076 
12.075 0.0510725 
12.08 0.0519349 
12.085 0.0527949 
12.09 0.0536525 
12.095 0.0545075 
12.1 0.0553601 
12.105 0.0562101 
12.11 0.0570576 
12.115 0.0579025 
12.12 0.0587449 
12.125 0.0595846 
12.13 0.0604218 
12.135 0.0612563 
12.14 0.0620881 
12.145 0.0629173 
12.15 0.0637438 
12.155 0.0645676 
12.16 0.0653886 
12.165 0.0662069 
12.17 0.0670225 
12.175 0.0678353 
12.18 0.0686452 
12.185 0.0694524 
12.19 0.0702567 
12.195 0.0710581 
12.2 0.0718567 
12.205 0.0726524 
12.21 0.0734452 
12.215 0.0742351 
12.22 0.0750221 
12.225 0.075806 
12.23 0.076587 
12.235 0.0773651 
12.24 0.0781401 
12.245 0.0789121 
12.25 0.079681 
12.255 0.0804469 
12.26 0.0812097 
12.265 0.0819694 
12.27 0.0827261 
12.275 0.0834796 
12.28 0.0842299 
12.285 0.0849771 
12.29 0.0857212 
12.295 0.086462 
12.3 0.0871997 
12.305 0.0879341 
12.31 0.0886654 
12.315 0.0893933 
12.32 0.090118 
12.325 0.0908395 
12.33 0.0915576 
12.335 0.0922724 
12.34 0.092984 
12.345 0.0936921 
12.35 0.094397 
12.355 0.0950984 
12.36 0.0957965 
12.365 0.0964912 
12.37 0.0971825 
12.375 0.0978704 
12.38 0.0985549 
12.385 0.0992358 
12.39 0.0999134 
12.395 0.100587 
12.4 0.101258 
12.405 0.101925 
12.41 0.102589 
12.415 0.103249 
12.42 0.103905 
12.425 0.104558 
12.43 0.105208 
12.435 0.105853 
12.44 0.106496 
12.445 0.107134 
12.45 0.107769 
12.455 0.108401 
12.46 0.109028 
12.465 0.109652 
12.47 0.110273 
12.475 0.110889 
12.48 0.111503 
12.485 0.112112 
12.49 0.112718 
12.495 0.11332 
12.5 0.113918 
12.505 0.114512 
12.51 0.115103 
12.515 0.11569 
12.52 0.116273 
12.525 0.116853 
12.53 0.117428 
12.535 0.118 
12.54 0.118568 
12.545 0.119132 
12.55 0.119692 
12.555 0.120249 
12.56 0.120802 
12.565 0.12135 
12.57 0.121895 
12.575 0.122436 
12.58 0.122973 
12.585 0.123507 
12.59 0.124036 
12.595 0.124561 
12.6 0.125083 
12.605 0.125601 
12.61 0.126114 
12.615 0.126624 
12.62 0.12713 
12.625 0.127631 
12.63 0.128129 
12.635 0.128623 
12.64 0.129113 
12.645 0.129598 
12.65 0.13008 
12.655 0.130558 
12.66 0.131032 
12.665 0.131502 
12.67 0.131967 
12.675 0.132429 
12.68 0.132886 
12.685 0.13334 
12.69 0.13379 
12.695 0.134235 
12.7 0.134676 
12.705 0.135114 
12.71 0.135547 
12.715 0.135976 
12.72 0.136401 
12.725 0.136822 
12.73 0.137239 
12.735 0.137651 
12.74 0.13806 
12.745 0.138464 
12.75 0.138865 
12.755 0.139261 
12.76 0.139653 
12.765 0.140041 
12.77 0.140425 
12.775 0.140804 
12.78 0.14118 
12.785 0.141551 
12.79 0.141918 
12.795 0.142281 
12.8 0.14264 
12.805 0.142995 
12.81 0.143345 
12.815 0.143691 
12.82 0.144033 
12.825 0.144371 
12.83 0.144705 
12.835 0.145034 
12.84 0.14536 
12.845 0.145681 
12.85 0.145998 
12.855 0.14631 
12.86 0.146619 
12.865 0.146923 
12.87 0.147223 
12.875 0.147519 
12.88 0.147811 
12.885 0.148098 
12.89 0.148381 
12.895 0.14866 
12.9 0.148935 
12.905 0.149206 
12.91 0.149472 
12.915 0.149734 
12.92 0.149992 
12.925 0.150246 
12.93 0.150495 
12.935 0.15074 
12.94 0.150981 
12.945 0.151218 
12.95 0.15145 
12.955 0.151679 
12.96 0.151903 
12.965 0.152122 
12.97 0.152338 
12.975 0.152549 
12.98 0.152756 
12.985 0.152959 
12.99 0.153158 
12.995 0.153352 
13 0.153543 
13.005 0.153729 
13.01 0.15391 
13.015 0.154088 
13.02 0.154261 
13.025 0.154431 
13.03 0.154595 
13.035 0.154756 
13.04 0.154913 
13.045 0.155065 
13.05 0.155213 
13.055 0.155357 
13.06 0.155497 
13.065 0.155632 
13.07 0.155763 
13.075 0.15589 
13.08 0.156013 
13.085 0.156132 
13.09 0.156246 
13.095 0.156357 
13.1 0.156463 
13.105 0.156565 
13.11 0.156663 
13.115 0.156756 
13.12 0.156846 
13.125 0.156931 
13.13 0.157012 
13.135 0.157089 
13.14 0.157162 
13.145 0.157231 
13.15 0.157296 
13.155 0.157356 
13.16 0.157412 
13.165 0.157465 
13.17 0.157513 
13.175 0.157557 
13.18 0.157597 
13.185 0.157632 
13.19 0.157664 
13.195 0.157691 
13.2 0.157715 
13.205 0.157734 
13.21 0.15775 
13.215 0.157761 
13.22 0.157768 
13.225 0.157771 
13.23 0.15777 
13.235 0.157765 
13.24 0.157756 
13.245 0.157743 
13.25 0.157726 
13.255 0.157705 
13.26 0.15768 
13.265 0.157651 
13.27 0.157618 
13.275 0.157581 
13.28 0.15754 
13.285 0.157495 
13.29 0.157446 
13.295 0.157393 
13.3 0.157336 
13.305 0.157275 
13.31 0.157211 
13.315 0.157142 
13.32 0.157069 
13.325 0.156993 
13.33 0.156912 
13.335 0.156828 
13.34 0.15674 
13.345 0.156648 
13.35 0.156552 
13.355 0.156452 
13.36 0.156348 
13.365 0.156241 
13.37 0.156129 
13.375 0.156014 
13.38 0.155895 
13.385 0.155772 
13.39 0.155646 
13.395 0.155515 
13.4 0.155381 
13.405 0.155243 
13.41 0.155102 
13.415 0.154956 
13.42 0.154807 
13.425 0.154654 
13.43 0.154498 
13.435 0.154337 
13.44 0.154173 
13.445 0.154006 
13.45 0.153834 
13.455 0.153659 
13.46 0.153481 
13.465 0.153298 
13.47 0.153112 
13.475 0.152923 
13.48 0.15273 
13.485 0.152533 
13.49 0.152333 
13.495 0.152129 
13.5 0.151921 
13.505 0.15171 
13.51 0.151496 
13.515 0.151278 
13.52 0.151056 
13.525 0.150831 
13.53 0.150602 
13.535 0.15037 
13.54 0.150135 
13.545 0.149896 
13.55 0.149653 
13.555 0.149408 
13.56 0.149158 
13.565 0.148906 
13.57 0.14865 
13.575 0.14839 
13.58 0.148127 
13.585 0.147861 
13.59 0.147592 
13.595 0.147319 
13.6 0.147043 
13.605 0.146763 
13.61 0.146481 
13.615 0.146195 
13.62 0.145905 
13.625 0.145613 
13.63 0.145317 
13.635 0.145018 
13.64 0.144716 
13.645 0.144411 
13.65 0.144102 
13.655 0.143791 
13.66 0.143476 
13.665 0.143158 
13.67 0.142837 
13.675 0.142513 
13.68 0.142185 
13.685 0.141855 
13.69 0.141522 
13.695 0.141185 
13.7 0.140846 
13.705 0.140503 
13.71 0.140158 
13.715 0.139809 
13.72 0.139458 
13.725 0.139104 
13.73 0.138746 
13.735 0.138386 
13.74 0.138023 
13.745 0.137657 
13.75 0.137288 
13.755 0.136916 
13.76 0.136541 
13.765 0.136164 
13.77 0.135783 
13.775 0.1354 
13.78 0.135014 
13.785 0.134626 
13.79 0.134234 
13.795 0.13384 
13.8 0.133443 
13.805 0.133043 
13.81 0.132641 
13.815 0.132236 
13.82 0.131828 
13.825 0.131418 
13.83 0.131005 
13.835 0.130589 
13.84 0.130171 
13.845 0.129751 
13.85 0.129327 
13.855 0.128901 
13.86 0.128473 
13.865 0.128042 
13.87 0.127609 
13.875 0.127173 
13.88 0.126735 
13.885 0.126294 
13.89 0.125851 
13.895 0.125405 
13.9 0.124957 
13.905 0.124507 
13.91 0.124054 
13.915 0.123599 
13.92 0.123142 
13.925 0.122682 
13.93 0.12222 
13.935 0.121755 
13.94 0.121289 
13.945 0.12082 
13.95 0.120349 
13.955 0.119876 
13.96 0.119401 
13.965 0.118923 
13.97 0.118443 
13.975 0.117961 
13.98 0.117477 
13.985 0.116991 
13.99 0.116503 
13.995 0.116013 
14 0.115521 
14.005 0.115026 
14.01 0.11453 
14.015 0.114032 
14.02 0.113531 
14.025 0.113029 
14.03 0.112525 
14.035 0.112019 
14.04 0.111511 
14.045 0.111001 
14.05 0.110489 
14.055 0.109975 
14.06 0.10946 
14.065 0.108943 
14.07 0.108424 
14.075 0.107903 
14.08 0.10738 
14.085 0.106856 
14.09 0.10633 
14.095 0.105802 
14.1 0.105272 
14.105 0.104741 
14.11 0.104208 
14.115 0.103674 
14.12 0.103138 
14.125 0.1026 
14.13 0.102061 
14.135 0.10152 
14.14 0.100978 
14.145 0.100434 
14.15 0.0998889 
14.155 0.0993421 
14.16 0.0987938 
14.165 0.0982441 
14.17 0.097693 
14.175 0.0971404 
14.18 0.0965864 
14.185 0.0960311 
14.19 0.0954744 
14.195 0.0949164 
14.2 0.0943571 
14.205 0.0937964 
14.21 0.0932345 
14.215 0.0926713 
14.22 0.0921069 
14.225 0.0915413 
14.23 0.0909744 
14.235 0.0904064 
14.24 0.0898372 
14.245 0.0892668 
14.25 0.0886953 
14.255 0.0881227 
14.26 0.087549 
14.265 0.0869743 
14.27 0.0863985 
14.275 0.0858216 
14.28 0.0852437 
14.285 0.0846648 
14.29 0.084085 
14.295 0.0835042 
14.3 0.0829224 
14.305 0.0823397 
14.31 0.0817561 
14.315 0.0811716 
14.32 0.0805863 
14.325 0.0800001 
14.33 0.079413 
14.335 0.0788252 
14.34 0.0782366 
14.345 0.0776471 
14.35 0.077057 
14.355 0.0764661 
14.36 0.0758744 
14.365 0.0752821 
14.37 0.0746891 
14.375 0.0740954 
14.38 0.0735011 
14.385 0.0729061 
14.39 0.0723106 
14.395 0.0717144 
14.4 0.0711177 
14.405 0.0705204 
14.41 0.0699226 
14.415 0.0693243 
14.42 0.0687255 
14.425 0.0681262 
14.43 0.0675264 
14.435 0.0669262 
14.44 0.0663256 
14.445 0.0657246 
14.45 0.0651231 
14.455 0.0645214 
14.46 0.0639192 
14.465 0.0633168 
14.47 0.062714 
14.475 0.0621109 
14.48 0.0615076 
14.485 0.060904 
14.49 0.0603001 
14.495 0.0596961 
14.5 0.0590918 
14.505 0.0584873 
14.51 0.0578827 
14.515 0.0572779 
14.52 0.056673 
14.525 0.056068 
14.53 0.0554629 
14.535 0.0548577 
14.54 0.0542525 
14.545 0.0536472 
14.55 0.0530418 
14.555 0.0524365 
14.56 0.0518312 
14.565 0.0512259 
14.57 0.0506207 
14.575 0.0500155 
14.58 0.0494105 
14.585 0.0488055 
14.59 0.0482006 
14.595 0.0475959 
14.6 0.0469913 
14.605 0.0463869 
14.61 0.0457827 
14.615 0.0451787 
14.62 0.0445749 
14.625 0.0439714 
14.63 0.0433681 
14.635 0.0427651 
14.64 0.0421624 
14.645 0.04156 
14.65 0.0409579 
14.655 0.0403562 
14.66 0.0397548 
14.665 0.0391538 
14.67 0.0385532 
14.675 0.0379531 
14.68 0.0373533 
14.685 0.036754 
14.69 0.0361552 
14.695 0.0355568 
14.7 0.0349589 
14.705 0.0343616 
14.71 0.0337648 
14.715 0.0331685 
14.72 0.0325728 
14.725 0.0319777 
14.73 0.0313831 
14.735 0.0307892 
14.74 0.0301959 
14.745 0.0296033 
14.75 0.0290113 
14.755 0.02842 
14.76 0.0278294 
14.765 0.0272395 
14.77 0.0266503 
14.775 0.0260619 
14.78 0.0254743 
14.785 0.0248874 
14.79 0.0243013 
14.795 0.023716 
14.8 0.0231315 
14.805 0.0225479 
14.81 0.0219651 
14.815 0.0213832 
14.82 0.0208022 
14.825 0.020222 
14.83 0.0196428 
14.835 0.0190646 
14.84 0.0184872 
14.845 0.0179109 
14.85 0.0173355 
14.855 0.0167611 
14.86 0.0161877 
14.865 0.0156153 
14.87 0.015044 
14.875 0.0144737 
14.88 0.0139045 
14.885 0.0133364 
14.89 0.0127694 
14.895 0.0122035 
14.9 0.0116387 
14.905 0.011075 
14.91 0.0105125 
14.915 0.00995122 
14.92 0.00939108 
14.925 0.00883214 
14.93 0.00827441 
14.935 0.00771791 
14.94 0.00716265 
14.945 0.00660865 
14.95 0.00605592 
14.955 0.00550446 
14.96 0.00495431 
14.965 0.00440546 
14.97 0.00385794 
14.975 0.00331176 
14.98 0.00276693 
14.985 0.00222347 
14.99 0.00168138 
14.995 0.00114069 
